Año,Trimestre,Provincia,ADSL,Cablemodem,Fibra óptica,Wireless,Otros
2022,4,Buenos Aires,326,3,1161,130,72
2022,4,Capital Federal,139,1172,139,5,32
2022,4,Catamarca,9,355,47,603,22
2022,4,Chaco,25,61,1263,576,24
2022,4,Chubut,45,1551,1007,31,9
2022,4,Córdoba,152,457,504,62,446
2022,4,Corrientes,34,80,1684,9,52
2022,4,Entre Ríos,56,136,1125,26,367
2022,4,Formosa,14,17,1888,1466,227
2022,4,Jujuy,18,52,745,1355,1
2022,4,La Pampa,8,61,1169,20,664
2022,4,La Rioja,6,54,19,369,32
2022,4,Mendoza,38,78,147,28,910
2022,4,Misiones,33,87,686,11,8
2022,4,Neuquén,29,73,998,24,794
2022,4,Río Negro,34,48,1111,16,19
2022,4,Salta,37,97,201,540,1411
2022,4,San Juan,39,451,877,22,946
2022,4,San Luis,6,43,395,82,511
2022,4,Santa Cruz,10,24,607,4,4
2022,4,Santa Fe,164,412,249,44,19
2022,4,Santiago Del Estero,14,81,1464,7,3
2022,4,Tierra Del Fuego,13,41,404,157,651
2022,4,Tucumán,69,21,165,496,527
2022,3,Buenos Aires,340,3,1100,127,70
2022,3,Capital Federal,141,1160,129,6,32
2022,3,Catamarca,10,349,46,551,22
2022,3,Chaco,27,62,1207,564,25
2022,3,Chubut,45,1521,1002,30,9
2022,3,Córdoba,164,465,502,61,444
2022,3,Corrientes,37,77,1546,7,52
2022,3,Entre Ríos,60,133,1052,26,358
2022,3,Formosa,14,26,1802,1441,212
2022,3,Jujuy,19,53,690,1303,2
2022,3,La Pampa,8,60,1139,20,656
2022,3,La Rioja,7,54,20,349,31
2022,3,Mendoza,38,79,143,28,895
2022,3,Misiones,36,89,662,11,8
2022,3,Neuquén,29,76,998,27,778
2022,3,Río Negro,36,48,1104,17,19
2022,3,Salta,40,97,196,515,1376
2022,3,San Juan,39,451,872,22,944
2022,3,San Luis,7,29,392,71,503
2022,3,Santa Cruz,10,24,599,4,4
2022,3,Santa Fe,184,426,215,43,20
2022,3,Santiago Del Estero,15,81,1331,7,3
2022,3,Tierra Del Fuego,13,40,419,125,651
2022,3,Tucumán,78,19,161,458,519
2022,2,Buenos Aires,351,3,1042,127,71
2022,2,Capital Federal,145,1149,122,6,32
2022,2,Catamarca,12,344,42,504,23
2022,2,Chaco,30,61,1154,552,26
2022,2,Chubut,45,1492,998,30,9
2022,2,Córdoba,179,468,499,61,441
2022,2,Corrientes,38,76,1420,7,52
2022,2,Entre Ríos,64,131,983,26,349
2022,2,Formosa,15,25,1721,1417,212
2022,2,Jujuy,20,54,639,1253,2
2022,2,La Pampa,8,59,1110,20,649
2022,2,La Rioja,8,53,19,330,31
2022,2,Mendoza,38,78,136,27,881
2022,2,Misiones,37,89,638,11,8
2022,2,Neuquén,30,75,998,27,761
2022,2,Río Negro,36,47,1097,17,19
2022,2,Salta,43,96,192,491,1341
2022,2,San Juan,39,451,868,22,943
2022,2,San Luis,7,29,388,71,496
2022,2,Santa Cruz,10,24,591,4,4
2022,2,Santa Fe,198,428,190,43,20
2022,2,Santiago Del Estero,17,80,1210,7,3
2022,2,Tierra Del Fuego,13,40,435,125,651
2022,2,Tucumán,86,15,157,423,487
2022,1,Buenos Aires,392,3,987,126,67
2022,1,Capital Federal,102,1137,62,6,30
2022,1,Catamarca,14,339,29,461,23
2022,1,Chaco,32,65,1103,541,26
2022,1,Chubut,44,1464,994,31,21
2022,1,Córdoba,196,502,497,61,439
2022,1,Corrientes,40,79,1304,7,52
2022,1,Entre Ríos,67,139,919,26,341
2022,1,Formosa,16,16,1642,1393,202
2022,1,Jujuy,21,61,592,1205,4
2022,1,La Pampa,8,59,1082,20,641
2022,1,La Rioja,9,59,10,312,31
2022,1,Mendoza,49,74,123,27,867
2022,1,Misiones,39,92,615,8,8
2022,1,Neuquén,28,73,998,23,745
2022,1,Río Negro,39,45,1089,17,18
2022,1,Salta,45,99,187,468,1307
2022,1,San Juan,34,451,863,21,941
2022,1,San Luis,8,11,384,72,489
2022,1,Santa Cruz,11,23,582,4,4
2022,1,Santa Fe,213,445,147,45,21
2022,1,Santiago Del Estero,18,88,1100,6,3
2022,1,Tierra Del Fuego,13,39,451,124,340
2022,1,Tucumán,93,62,152,391,487
2021,4,Buenos Aires,426,3,935,127,73
2021,4,Capital Federal,111,1126,60,6,30
2021,4,Catamarca,16,334,25,421,24
2021,4,Chaco,36,63,1055,530,27
2021,4,Chubut,46,1436,990,28,19
2021,4,Córdoba,212,487,494,61,437
2021,4,Corrientes,43,71,1197,7,52
2021,4,Entre Ríos,70,133,859,25,332
2021,4,Formosa,17,15,1568,1370,172
2021,4,Jujuy,22,61,548,1158,4
2021,4,La Pampa,8,58,1055,19,633
2021,4,La Rioja,10,57,16,295,31
2021,4,Mendoza,60,72,110,39,854
2021,4,Misiones,42,92,593,8,8
2021,4,Neuquén,29,73,998,22,746
2021,4,Río Negro,42,44,1082,17,18
2021,4,Salta,47,100,183,447,1274
2021,4,San Juan,36,451,858,11,940
2021,4,San Luis,8,11,381,71,482
2021,4,Santa Cruz,11,23,574,4,4
2021,4,Santa Fe,233,444,129,44,16
2021,4,Santiago Del Estero,19,87,1000,6,3
2021,4,Tierra Del Fuego,13,38,468,124,342
2021,4,Tucumán,98,59,148,362,486
2021,3,Buenos Aires,586,3,886,120,65
2021,3,Capital Federal,143,1114,43,6,29
2021,3,Catamarca,18,329,22,385,24
2021,3,Chaco,38,64,1008,519,27
2021,3,Chubut,49,1409,985,23,19
2021,3,Córdoba,229,477,492,58,434
2021,3,Corrientes,45,69,1099,7,52
2021,3,Entre Ríos,74,129,802,24,324
2021,3,Formosa,18,14,1497,1347,171
2021,3,Jujuy,24,61,507,1114,4
2021,3,La Pampa,9,58,1028,14,626
2021,3,La Rioja,11,55,15,279,30
2021,3,Mendoza,91,71,71,39,840
2021,3,Misiones,43,89,572,7,8
2021,3,Neuquén,30,74,998,19,640
2021,3,Río Negro,48,45,1075,15,18
2021,3,Salta,49,98,179,426,1242
2021,3,San Juan,40,451,854,11,939
2021,3,San Luis,8,12,377,69,476
2021,3,Santa Cruz,12,23,566,4,3
2021,3,Santa Fe,246,443,93,43,16
2021,3,Santiago Del Estero,20,86,909,6,3
2021,3,Tierra Del Fuego,13,37,486,124,390
2021,3,Tucumán,104,54,144,334,743
2021,2,Buenos Aires,603,3,854,114,58
2021,2,Capital Federal,149,1103,41,6,29
2021,2,Catamarca,20,324,22,352,25
2021,2,Chaco,40,63,964,508,28
2021,2,Chubut,49,1383,981,24,19
2021,2,Córdoba,240,468,490,56,432
2021,2,Corrientes,47,67,1009,7,52
2021,2,Entre Ríos,78,125,750,24,316
2021,2,Formosa,20,13,1429,1325,171
2021,2,Jujuy,25,61,470,1071,4
2021,2,La Pampa,9,57,1002,13,618
2021,2,La Rioja,12,54,15,264,30
2021,2,Mendoza,92,71,45,39,827
2021,2,Misiones,45,88,552,5,8
2021,2,Neuquén,30,73,998,19,640
2021,2,Río Negro,48,44,1068,15,18
2021,2,Salta,51,96,175,406,1210
2021,2,San Juan,40,451,849,11,937
2021,2,San Luis,8,11,374,67,469
2021,2,Santa Cruz,12,23,558,4,3
2021,2,Santa Fe,257,432,90,44,18
2021,2,Santiago Del Estero,21,84,909,5,4
2021,2,Tierra Del Fuego,13,23,504,124,316
2021,2,Tucumán,110,48,140,309,743
2021,1,Buenos Aires,630,2,822,99,58
2021,1,Capital Federal,160,1092,40,6,29
2021,1,Catamarca,26,319,19,322,25
2021,1,Chaco,43,61,922,498,28
2021,1,Chubut,46,1356,977,24,19
2021,1,Córdoba,260,445,487,54,430
2021,1,Corrientes,49,63,927,6,52
2021,1,Entre Ríos,84,118,701,21,309
2021,1,Formosa,21,11,1364,1303,380
2021,1,Jujuy,32,54,435,1030,4
2021,1,La Pampa,9,59,976,12,611
2021,1,La Rioja,17,35,14,250,30
2021,1,Mendoza,92,69,39,39,833
2021,1,Misiones,48,82,532,5,7
2021,1,Neuquén,30,70,998,18,632
2021,1,Río Negro,49,42,1061,14,18
2021,1,Salta,55,89,171,387,1180
2021,1,San Juan,40,451,844,11,936
2021,1,San Luis,8,11,370,64,463
2021,1,Santa Cruz,12,23,551,4,4
2021,1,Santa Fe,277,421,71,39,18
2021,1,Santiago Del Estero,26,76,570,5,4
2021,1,Tierra Del Fuego,13,27,522,124,316
2021,1,Tucumán,147,12,137,285,740
2020,4,Buenos Aires,636,2,805,93,58
2020,4,Capital Federal,163,1081,40,5,29
2020,4,Catamarca,27,315,18,322,26
2020,4,Chaco,44,61,881,488,29
2020,4,Chubut,46,1331,973,23,19
2020,4,Córdoba,267,439,485,53,427
2020,4,Corrientes,50,61,851,6,52
2020,4,Entre Ríos,86,114,655,20,301
2020,4,Formosa,21,11,1302,1281,380
2020,4,Jujuy,33,53,403,990,3
2020,4,La Pampa,9,59,952,12,604
2020,4,La Rioja,18,35,14,250,30
2020,4,Mendoza,92,68,36,39,833
2020,4,Misiones,49,80,513,4,7
2020,4,Neuquén,30,71,998,18,632
2020,4,Río Negro,49,42,1054,14,18
2020,4,Salta,57,88,167,370,1150
2020,4,San Juan,40,451,840,10,934
2020,4,San Luis,8,12,367,63,456
2020,4,Santa Cruz,12,20,543,5,3
2020,4,Santa Fe,287,415,63,39,17
2020,4,Santiago Del Estero,27,71,570,5,4
2020,4,Tierra Del Fuego,13,26,542,124,316
2020,4,Tucumán,149,11,133,263,740
2020,3,Buenos Aires,654,2,749,94,56
2020,3,Capital Federal,170,1071,39,4,29
2020,3,Catamarca,27,310,17,261,26
2020,3,Chaco,46,59,842,478,30
2020,3,Chubut,46,1306,969,23,19
2020,3,Córdoba,276,431,482,48,425
2020,3,Corrientes,51,59,782,6,52
2020,3,Entre Ríos,88,107,612,20,294
2020,3,Formosa,22,10,1242,1259,393
2020,3,Jujuy,33,58,373,952,4
2020,3,La Pampa,9,57,928,12,597
2020,3,La Rioja,17,35,13,250,35
2020,3,Mendoza,92,65,33,39,868
2020,3,Misiones,50,78,495,3,9
2020,3,Neuquén,30,70,998,17,737
2020,3,Río Negro,50,40,1047,13,18
2020,3,Salta,58,84,163,352,1121
2020,3,San Juan,40,451,835,14,933
2020,3,San Luis,8,10,363,62,450
2020,3,Santa Cruz,13,16,535,7,2
2020,3,Santa Fe,295,406,46,37,19
2020,3,Santiago Del Estero,26,71,555,4,4
2020,3,Tierra Del Fuego,13,26,562,124,310
2020,3,Tucumán,150,12,129,243,762
2020,2,Buenos Aires,661,2,723,92,57
2020,2,Capital Federal,179,1060,39,4,29
2020,2,Catamarca,27,305,15,261,27
2020,2,Chaco,47,56,805,468,30
2020,2,Chubut,46,1281,964,18,6
2020,2,Córdoba,283,415,480,45,423
2020,2,Corrientes,51,56,718,4,52
2020,2,Entre Ríos,89,99,572,20,287
2020,2,Formosa,22,9,1186,1238,169
2020,2,Jujuy,33,39,345,952,17
2020,2,La Pampa,9,54,904,11,590
2020,2,La Rioja,17,35,12,250,35
2020,2,Mendoza,92,63,30,39,802
2020,2,Misiones,51,74,477,3,9
2020,2,Neuquén,30,68,998,16,745
2020,2,Río Negro,50,40,1040,11,18
2020,2,Salta,60,82,160,336,1093
2020,2,San Juan,40,451,830,7,932
2020,2,San Luis,8,8,360,61,444
2020,2,Santa Cruz,13,16,528,7,2
2020,2,Santa Fe,300,382,47,30,19
2020,2,Santiago Del Estero,26,72,355,3,4
2020,2,Tierra Del Fuego,13,26,583,124,310
2020,2,Tucumán,150,10,126,225,762
2020,1,Buenos Aires,673,2,721,85,18
2020,1,Capital Federal,184,1049,39,4,29
2020,1,Catamarca,22,301,12,261,27
2020,1,Chaco,46,54,770,458,31
2020,1,Chubut,46,1257,960,17,5
2020,1,Córdoba,286,406,478,42,421
2020,1,Corrientes,51,53,659,2,52
2020,1,Entre Ríos,90,95,535,19,280
2020,1,Formosa,21,9,1132,1218,169
2020,1,Jujuy,32,39,320,942,17
2020,1,La Pampa,9,54,881,11,583
2020,1,La Rioja,13,35,12,251,29
2020,1,Mendoza,92,50,28,39,722
2020,1,Misiones,51,69,460,460,11
2020,1,Neuquén,29,66,998,15,729
2020,1,Río Negro,48,38,1033,11,18
2020,1,Salta,60,76,156,321,1065
2020,1,San Juan,40,451,826,7,930
2020,1,San Luis,8,8,357,58,437
2020,1,Santa Cruz,13,16,521,7,2
2020,1,Santa Fe,302,384,35,30,19
2020,1,Santiago Del Estero,25,70,200,3,5
2020,1,Tierra Del Fuego,13,26,605,124,308
2020,1,Tucumán,143,10,123,208,347
2019,4,Buenos Aires,714,2,669,87,18
2019,4,Capital Federal,197,1039,36,4,29
2019,4,Catamarca,23,296,10,261,28
2019,4,Chaco,49,54,736,449,32
2019,4,Chubut,47,1233,956,15,5
2019,4,Córdoba,297,410,475,38,418
2019,4,Corrientes,53,52,605,2,52
2019,4,Entre Ríos,93,99,500,19,273
2019,4,Formosa,22,9,1081,1197,169
2019,4,Jujuy,33,38,296,814,17
2019,4,La Pampa,15,57,859,11,576
2019,4,La Rioja,14,35,11,251,29
2019,4,Mendoza,97,50,25,39,730
2019,4,Misiones,53,70,847,441,12
2019,4,Neuquén,30,61,998,14,713
2019,4,Río Negro,50,38,1027,11,18
2019,4,Salta,63,76,153,306,1038
2019,4,San Juan,41,451,821,7,929
2019,4,San Luis,9,8,353,55,431
2019,4,Santa Cruz,13,16,513,7,2
2019,4,Santa Fe,312,382,27,27,20
2019,4,Santiago Del Estero,25,71,200,3,5
2019,4,Tierra Del Fuego,13,27,628,124,310
2019,4,Tucumán,147,11,119,192,348
2019 ,3 ,Buenos Aires,757,2,425,86,27
2019 ,3 ,Capital Federal,300,1028,25,4,31
2019 ,3 ,Catamarca,24,292,13,244,28
2019 ,3 ,Chaco,50,49,704,440,32
2019 ,3 ,Chubut,37,1209,952,15,8
2019 ,3 ,Córdoba,308,399,473,37,416
2019 ,3 ,Corrientes,53,50,556,2,52
2019 ,3 ,Entre Ríos,95,96,467,19,266
2019 ,3 ,Formosa,22,8,1032,1177,162
2019 ,3 ,Jujuy,33,36,274,812,17
2019 ,3 ,La Pampa,19,53,837,11,569
2019 ,3 ,La Rioja,14,35,11,251,41
2019 ,3 ,Mendoza,149,54,7,39,718
2019 ,3 ,Misiones,54,66,829,419,12
2019 ,3 ,Neuquén,43,60,998,14,698
2019 ,3 ,Río Negro,67,37,1020,11,19
2019 ,3 ,Salta,66,74,149,292,1012
2019 ,3 ,San Juan,52,451,817,7,927
2019 ,3 ,San Luis,13,11,350,62,425
2019 ,3 ,Santa Cruz,11,17,506,7,3
2019 ,3 ,Santa Fe,319,377,19,24,21
2019 ,3 ,Santiago Del Estero,25,71,219,3,34
2019 ,3 ,Tierra Del Fuego,20,27,651,124,295
2019 ,3 ,Tucumán,151,12,116,177,324
2019 ,2 ,Buenos Aires,803,2,383,75,33
2019 ,2 ,Capital Federal,310,1018,36,4,4
2019 ,2 ,Catamarca,26,287,13,146,29
2019 ,2 ,Chaco,51,47,673,430,33
2019 ,2 ,Chubut,37,1187,948,14,8
2019 ,2 ,Córdoba,315,388,471,34,414
2019 ,2 ,Corrientes,54,47,510,2,52
2019 ,2 ,Entre Ríos,97,91,436,17,260
2019 ,2 ,Formosa,22,9,985,1158,162
2019 ,2 ,Jujuy,33,31,274,812,22
2019 ,2 ,La Pampa,19,52,816,11,562
2019 ,2 ,La Rioja,15,35,11,251,41
2019 ,2 ,Mendoza,149,54,7,39,707
2019 ,2 ,Misiones,55,64,543,421,12
2019 ,2 ,Neuquén,43,59,998,13,683
2019 ,2 ,Río Negro,68,37,1013,10,20
2019 ,2 ,Salta,69,62,146,278,986
2019 ,2 ,San Juan,52,451,812,3,926
2019 ,2 ,San Luis,11,10,347,57,419
2019 ,2 ,Santa Cruz,11,10,499,7,3
2019 ,2 ,Santa Fe,325,355,18,22,23
2019 ,2 ,Santiago Del Estero,24,65,219,3,35
2019 ,2 ,Tierra Del Fuego,20,26,651,124,280
2019 ,2 ,Tucumán,153,12,116,164,321
2019 ,1 ,Buenos Aires,852,2,336,65,20
2019 ,1 ,Capital Federal,328,1008,32,4,4
2019 ,1 ,Catamarca,27,283,16,132,29
2019 ,1 ,Chaco,53,44,643,422,34
2019 ,1 ,Chubut,37,1164,944,14,3
2019 ,1 ,Córdoba,323,364,468,25,412
2019 ,1 ,Corrientes,56,43,469,2,58
2019 ,1 ,Entre Ríos,101,90,408,16,253
2019 ,1 ,Formosa,23,8,940,1138,62
2019 ,1 ,Jujuy,33,12,153,640,44
2019 ,1 ,La Pampa,19,57,795,9,556
2019 ,1 ,La Rioja,16,35,12,252,41
2019 ,1 ,Mendoza,149,40,6,39,696
2019 ,1 ,Misiones,55,59,465,426,8
2019 ,1 ,Neuquén,41,56,998,13,668
2019 ,1 ,Río Negro,68,34,1006,10,5
2019 ,1 ,Salta,74,58,142,265,962
2019 ,1 ,San Juan,52,451,808,3,925
2019 ,1 ,San Luis,11,8,378,53,414
2019 ,1 ,Santa Cruz,11,5,492,7,3
2019 ,1 ,Santa Fe,340,340,16,23,18
2019 ,1 ,Santiago Del Estero,25,62,186,3,99
2019 ,1 ,Tierra Del Fuego,20,24,499,124,267
2019 ,1 ,Tucumán,159,12,118,151,321
2018,4,Buenos Aires,904,2,296,65,20
2018,4,Capital Federal,328,998,33,4,4
2018,4,Catamarca,27,279,16,120,30
2018,4,Chaco,53,44,615,413,34
2018,4,Chubut,37,1142,940,14,3
2018,4,Córdoba,329,356,466,22,409
2018,4,Corrientes,56,42,430,2,30
2018,4,Entre Ríos,101,86,381,15,247
2018,4,Formosa,23,8,887,1119,57
2018,4,Jujuy,33,12,153,640,44
2018,4,La Pampa,19,55,775,8,549
2018,4,La Rioja,16,35,12,252,36
2018,4,Mendoza,149,40,6,39,684
2018,4,Misiones,56,54,465,426,6
2018,4,Neuquén,41,56,998,12,654
2018,4,Río Negro,68,34,1000,8,5
2018,4,Salta,74,58,139,253,937
2018,4,San Juan,52,451,806,3,923
2018,4,San Luis,11,8,378,53,408
2018,4,Santa Cruz,11,5,485,6,3
2018,4,Santa Fe,336,323,14,19,29
2018,4,Santiago Del Estero,25,61,158,3,81
2018,4,Tierra Del Fuego,20,23,518,124,254
2018,4,Tucumán,159,12,119,140,314
2018,3,Buenos Aires,959,2,156,62,26
2018,3,Capital Federal,334,988,36,4,9
2018,3,Catamarca,28,275,15,109,31
2018,3,Chaco,54,42,588,404,35
2018,3,Chubut,59,1120,936,14,7
2018,3,Córdoba,338,342,464,19,407
2018,3,Corrientes,56,41,395,1,32
2018,3,Entre Ríos,103,84,356,15,241
2018,3,Formosa,23,8,817,1101,57
2018,3,Jujuy,33,11,132,641,43
2018,3,La Pampa,12,55,755,7,542
2018,3,La Rioja,17,35,13,253,35
2018,3,Mendoza,151,40,6,39,673
2018,3,Misiones,56,51,512,391,56
2018,3,Neuquén,47,54,998,12,639
2018,3,Río Negro,69,33,993,5,5
2018,3,Salta,77,54,136,234,914
2018,3,San Juan,54,451,826,3,922
2018,3,San Luis,11,8,368,53,402
2018,3,Santa Cruz,19,5,479,6,4
2018,3,Santa Fe,339,313,12,16,15
2018,3,Santiago Del Estero,26,59,134,2,81
2018,3,Tierra Del Fuego,19,23,537,124,241
2018,3,Tucumán,161,9,110,129,315
2018,2,Buenos Aires,1017,2,144,71,28
2018,2,Capital Federal,342,978,36,4,9
2018,2,Catamarca,27,271,15,98,31
2018,2,Chaco,54,41,562,396,36
2018,2,Chubut,59,1099,932,14,7
2018,2,Córdoba,345,328,462,16,405
2018,2,Corrientes,57,40,363,1,32
2018,2,Entre Ríos,105,80,333,12,235
2018,2,Formosa,24,7,762,1082,57
2018,2,Jujuy,34,11,113,640,43
2018,2,La Pampa,12,54,736,7,536
2018,2,La Rioja,17,35,13,253,35
2018,2,Mendoza,153,37,3,39,663
2018,2,Misiones,57,48,512,391,56
2018,2,Neuquén,47,53,998,13,626
2018,2,Río Negro,69,33,987,4,5
2018,2,Salta,78,53,133,234,891
2018,2,San Juan,54,451,826,3,920
2018,2,San Luis,11,8,368,16,397
2018,2,Santa Cruz,19,4,472,7,4
2018,2,Santa Fe,338,304,11,16,15
2018,2,Santiago Del Estero,26,56,114,2,81
2018,2,Tierra Del Fuego,19,23,557,124,229
2018,2,Tucumán,160,9,110,119,315
2018,1,Buenos Aires,1079,2,134,64,31
2018,1,Capital Federal,350,968,36,3,9
2018,1,Catamarca,27,267,15,89,32
2018,1,Chaco,55,40,383,388,37
2018,1,Chubut,56,1078,928,14,7
2018,1,Córdoba,349,327,459,13,403
2018,1,Corrientes,57,35,333,1,33
2018,1,Entre Ríos,107,76,311,11,229
2018,1,Formosa,24,7,710,1064,57
2018,1,Jujuy,34,10,97,614,43
2018,1,La Pampa,11,51,718,11,530
2018,1,La Rioja,17,35,13,253,35
2018,1,Mendoza,153,37,3,39,652
2018,1,Misiones,56,47,473,5,56
2018,1,Neuquén,47,55,998,12,612
2018,1,Río Negro,69,32,980,4,5
2018,1,Salta,80,52,130,204,868
2018,1,San Juan,54,451,826,2,919
2018,1,San Luis,11,8,368,16,391
2018,1,Santa Cruz,19,4,465,7,3
2018,1,Santa Fe,342,300,11,12,15
2018,1,Santiago Del Estero,27,55,97,1,81
2018,1,Tierra Del Fuego,19,10,578,124,218
2018,1,Tucumán,159,9,107,110,303
2017,4,Buenos Aires,1144,2,131,60,31
2017,4,Capital Federal,571,962,36,3,10
2017,4,Catamarca,27,263,11,81,33
2017,4,Chaco,55,40,389,380,37
2017,4,Chubut,56,1058,924,14,7
2017,4,Córdoba,350,325,457,12,401
2017,4,Corrientes,57,35,306,1,35
2017,4,Entre Ríos,108,74,291,10,224
2017,4,Formosa,23,7,662,1046,51
2017,4,Jujuy,34,10,84,590,34
2017,4,La Pampa,11,50,699,11,523
2017,4,La Rioja,17,35,14,253,31
2017,4,Mendoza,153,16,3,39,642
2017,4,Misiones,56,47,436,5,54
2017,4,Neuquén,47,54,998,12,599
2017,4,Río Negro,69,30,974,4,5
2017,4,Salta,81,50,127,158,846
2017,4,San Juan,54,451,812,2,918
2017,4,San Luis,11,1,335,17,386
2017,4,Santa Cruz,19,2,459,5,4
2017,4,Santa Fe,342,294,11,11,15
2017,4,Santiago Del Estero,27,40,83,1,80
2017,4,Tierra Del Fuego,19,7,600,124,207
2017,4,Tucumán,157,5,105,102,291
2017,3,Buenos Aires,1213,2,125,35,39
2017,3,Capital Federal,583,941,33,3,10
2017,3,Catamarca,27,259,12,73,33
2017,3,Chaco,55,37,456,372,38
2017,3,Chubut,56,1038,920,14,7
2017,3,Córdoba,345,319,455,7,399
2017,3,Corrientes,56,34,281,1,27
2017,3,Entre Ríos,108,70,272,6,218
2017,3,Formosa,23,7,617,1029,12
2017,3,Jujuy,34,9,72,566,8
2017,3,La Pampa,11,50,682,12,517
2017,3,La Rioja,17,35,14,252,25
2017,3,Mendoza,154,34,3,29,631
2017,3,Misiones,56,44,403,5,9
2017,3,Neuquén,48,52,998,12,586
2017,3,Río Negro,69,30,967,3,4
2017,3,Salta,81,50,127,158,825
2017,3,San Juan,54,451,816,1,916
2017,3,San Luis,11,8,347,26,380
2017,3,Santa Cruz,19,5,453,5,3
2017,3,Santa Fe,323,291,6,5,37
2017,3,Santiago Del Estero,28,54,70,1,35
2017,3,Tierra Del Fuego,22,7,622,124,197
2017,3,Tucumán,154,6,106,94,279
2017,2,Buenos Aires,1286,2,119,22,24
2017,2,Capital Federal,615,932,39,3,11
2017,2,Catamarca,26,255,14,66,34
2017,2,Chaco,54,36,458,364,39
2017,2,Chubut,44,1018,916,13,5
2017,2,Córdoba,342,303,452,6,396
2017,2,Corrientes,55,33,258,1,31
2017,2,Entre Ríos,108,68,254,6,213
2017,2,Formosa,22,6,576,1012,13
2017,2,Jujuy,34,9,62,544,35
2017,2,La Pampa,13,48,664,6,511
2017,2,La Rioja,16,0,15,238,28
2017,2,Mendoza,153,13,3,27,621
2017,2,Misiones,57,43,372,5,9
2017,2,Neuquén,52,50,998,12,573
2017,2,Río Negro,67,29,961,3,1
2017,2,Salta,80,27,115,158,804
2017,2,San Juan,49,451,772,1,915
2017,2,San Luis,11,1,354,26,375
2017,2,Santa Cruz,15,3,446,5,2
2017,2,Santa Fe,330,228,3,5,1
2017,2,Santiago Del Estero,28,4,60,1,29
2017,2,Tierra Del Fuego,23,7,665,124,188
2017,2,Tucumán,149,5,116,86,269
2017,1,Buenos Aires,1364,1,119,21,24
2017,1,Capital Federal,429,918,38,3,11
2017,1,Catamarca,26,248,14,60,34
2017,1,Chaco,54,34,252,357,39
2017,1,Chubut,44,999,916,13,5
2017,1,Córdoba,336,293,450,6,394
2017,1,Corrientes,55,32,236,1,31
2017,1,Entre Ríos,109,65,230,6,208
2017,1,Formosa,22,6,537,995,13
2017,1,Jujuy,34,9,53,522,34
2017,1,La Pampa,13,47,648,6,517
2017,1,La Rioja,16,0,15,224,28
2017,1,Mendoza,153,13,3,27,611
2017,1,Misiones,57,40,343,5,8
2017,1,Neuquén,52,48,998,12,561
2017,1,Río Negro,67,29,954,3,1
2017,1,Salta,80,27,114,158,679
2017,1,San Juan,49,451,772,1,907
2017,1,San Luis,11,1,354,26,375
2017,1,Santa Cruz,16,3,440,5,2
2017,1,Santa Fe,327,226,3,5,1
2017,1,Santiago Del Estero,30,4,51,1,29
2017,1,Tierra Del Fuego,23,7,665,124,178
2017,1,Tucumán,147,5,116,79,258
2016,4,Buenos Aires,1447,1,119,21,24
2016,4,Capital Federal,435,915,38,3,11
2016,4,Catamarca,27,250,14,55,34
2016,4,Chaco,55,34,248,349,39
2016,4,Chubut,44,955,916,13,5
2016,4,Córdoba,337,289,448,6,392
2016,4,Corrientes,55,31,233,1,31
2016,4,Entre Ríos,109,64,226,6,203
2016,4,Formosa,22,6,501,978,13
2016,4,Jujuy,34,9,46,501,34
2016,4,La Pampa,13,47,631,6,522
2016,4,La Rioja,16,0,16,211,28
2016,4,Mendoza,153,13,3,27,602
2016,4,Misiones,58,39,317,5,8
2016,4,Neuquén,52,46,998,12,549
2016,4,Río Negro,67,28,954,3,1
2016,4,Salta,79,27,110,158,621
2016,4,San Juan,49,451,772,1,907
2016,4,San Luis,11,1,354,26,375
2016,4,Santa Cruz,16,3,434,5,2
2016,4,Santa Fe,327,226,3,5,1
2016,4,Santiago Del Estero,30,4,43,1,29
2016,4,Tierra Del Fuego,23,7,665,124,170
2016,4,Tucumán,147,4,116,72,248
2016,3,Buenos Aires,1535,1,113,19,24
2016,3,Capital Federal,448,905,37,3,11
2016,3,Catamarca,27,248,14,49,34
2016,3,Chaco,56,33,232,342,15
2016,3,Chubut,44,935,916,13,5
2016,3,Córdoba,348,285,446,6,390
2016,3,Corrientes,56,31,217,1,22
2016,3,Entre Ríos,113,62,206,6,198
2016,3,Formosa,22,6,467,962,2
2016,3,Jujuy,34,8,39,481,30
2016,3,La Pampa,13,46,615,6,515
2016,3,La Rioja,17,0,15,199,22
2016,3,Mendoza,153,13,3,28,592
2016,3,Misiones,60,38,292,5,7
2016,3,Neuquén,52,45,998,12,537
2016,3,Río Negro,67,28,942,3,1
2016,3,Salta,81,26,90,157,565
2016,3,San Juan,49,451,770,1,903
2016,3,San Luis,11,1,354,23,371
2016,3,Santa Cruz,16,3,428,5,2
2016,3,Santa Fe,335,223,3,5,1
2016,3,Santiago Del Estero,32,4,37,3,8
2016,3,Tierra Del Fuego,23,6,665,124,161
2016,3,Tucumán,147,4,116,66,238
2016,2,Buenos Aires,1628,1,113,21,26
2016,2,Capital Federal,451,892,37,2,13
2016,2,Catamarca,26,245,14,45,34
2016,2,Chaco,56,32,221,335,41
2016,2,Chubut,44,867,916,13,5
2016,2,Córdoba,349,278,444,6,388
2016,2,Corrientes,56,30,203,1,43
2016,2,Entre Ríos,113,59,169,6,193
2016,2,Formosa,22,6,435,946,14
2016,2,Jujuy,34,7,34,462,35
2016,2,La Pampa,13,45,600,6,547
2016,2,La Rioja,17,0,15,188,28
2016,2,Mendoza,153,13,3,29,582
2016,2,Misiones,60,36,270,5,15
2016,2,Neuquén,52,42,998,12,525
2016,2,Río Negro,67,28,939,3,1
2016,2,Salta,79,25,85,151,539
2016,2,San Juan,49,451,770,1,908
2016,2,San Luis,11,1,354,30,377
2016,2,Santa Cruz,15,3,422,5,3
2016,2,Santa Fe,336,219,3,5,1
2016,2,Santiago Del Estero,32,4,31,1,30
2016,2,Tierra Del Fuego,23,6,665,124,153
2016,2,Tucumán,145,3,116,61,229
2016,1,Buenos Aires,1726,1,111,21,26
2016,1,Capital Federal,454,832,36,2,13
2016,1,Catamarca,26,243,15,41,34
2016,1,Chaco,56,30,211,328,41
2016,1,Chubut,44,834,916,13,5
2016,1,Córdoba,351,252,441,6,386
2016,1,Corrientes,55,28,192,1,45
2016,1,Entre Ríos,113,55,146,6,193
2016,1,Formosa,22,5,406,930,14
2016,1,Jujuy,33,7,29,443,35
2016,1,La Pampa,13,42,584,6,549
2016,1,La Rioja,17,0,16,177,28
2016,1,Mendoza,153,13,3,34,573
2016,1,Misiones,60,33,249,5,15
2016,1,Neuquén,52,36,998,13,514
2016,1,Río Negro,67,27,937,3,1
2016,1,Salta,79,23,73,132,507
2016,1,San Juan,49,451,770,1,908
2016,1,San Luis,11,1,354,27,377
2016,1,Santa Cruz,16,3,416,5,2
2016,1,Santa Fe,338,205,3,5,1
2016,1,Santiago Del Estero,33,4,26,1,30
2016,1,Tierra Del Fuego,23,5,665,124,146
2016,1,Tucumán,144,2,116,56,220
2015,4,Buenos Aires,1830,1,103,20,26
2015,4,Capital Federal,455,880,20,2,13
2015,4,Catamarca,26,242,15,37,34
2015,4,Chaco,57,29,186,321,41
2015,4,Chubut,44,811,916,14,5
2015,4,Córdoba,354,266,439,6,385
2015,4,Corrientes,56,28,177,1,45
2015,4,Entre Ríos,114,53,122,6,194
2015,4,Formosa,22,5,378,914,14
2015,4,Jujuy,33,7,25,425,35
2015,4,La Pampa,13,43,570,6,374
2015,4,La Rioja,17,0,16,167,28
2015,4,Mendoza,153,13,3,38,564
2015,4,Misiones,60,33,230,5,15
2015,4,Neuquén,52,39,998,13,503
2015,4,Río Negro,67,27,915,3,1
2015,4,Salta,79,22,47,129,554
2015,4,San Juan,49,451,770,1,908
2015,4,San Luis,11,1,354,30,377
2015,4,Santa Cruz,16,3,410,5,2
2015,4,Santa Fe,340,213,3,5,1
2015,4,Santiago Del Estero,34,4,22,1,30
2015,4,Tierra Del Fuego,23,4,665,124,139
2015,4,Tucumán,144,2,116,51,211
2015,3,Buenos Aires,1941,1,114,20,26
2015,3,Capital Federal,455,871,31,2,13
2015,3,Catamarca,26,242,15,33,34
2015,3,Chaco,56,29,186,314,41
2015,3,Chubut,44,792,916,13,5
2015,3,Córdoba,352,264,437,5,389
2015,3,Corrientes,56,28,176,1,47
2015,3,Entre Ríos,114,52,122,6,197
2015,3,Formosa,22,5,353,899,14
2015,3,Jujuy,33,7,22,408,35
2015,3,La Pampa,13,42,555,6,557
2015,3,La Rioja,17,0,16,158,28
2015,3,Mendoza,153,13,3,42,555
2015,3,Misiones,60,32,212,5,15
2015,3,Neuquén,47,37,998,13,492
2015,3,Río Negro,67,27,917,3,1
2015,3,Salta,78,22,47,129,645
2015,3,San Juan,49,451,770,1,908
2015,3,San Luis,11,1,354,31,377
2015,3,Santa Cruz,16,3,405,5,2
2015,3,Santa Fe,337,210,4,4,1
2015,3,Santiago Del Estero,34,4,19,1,30
2015,3,Tierra Del Fuego,23,8,665,124,132
2015,3,Tucumán,143,1,116,47,203
2015,2,Buenos Aires,2058,1,116,19,26
2015,2,Capital Federal,453,858,20,2,13
2015,2,Catamarca,25,242,15,30,34
2015,2,Chaco,56,28,179,307,41
2015,2,Chubut,44,762,916,13,5
2015,2,Córdoba,348,256,435,5,386
2015,2,Corrientes,55,27,157,1,47
2015,2,Entre Ríos,113,50,119,6,197
2015,2,Formosa,21,5,329,737,50
2015,2,Jujuy,32,5,19,392,35
2015,2,La Pampa,13,41,541,6,562
2015,2,La Rioja,16,0,16,149,28
2015,2,Mendoza,153,13,3,38,546
2015,2,Misiones,59,29,196,5,15
2015,2,Neuquén,47,34,998,13,481
2015,2,Río Negro,67,26,916,3,1
2015,2,Salta,77,20,47,129,580
2015,2,San Juan,49,451,770,1,908
2015,2,San Luis,11,1,354,33,377
2015,2,Santa Cruz,15,3,399,5,2
2015,2,Santa Fe,333,205,3,4,1
2015,2,Santiago Del Estero,34,4,16,1,30
2015,2,Tierra Del Fuego,23,8,665,124,125
2015,2,Tucumán,140,1,116,43,195
2015,1,Buenos Aires,2183,1,134,19,29
2015,1,Capital Federal,455,842,19,2,15
2015,1,Catamarca,25,241,16,27,41
2015,1,Chaco,55,26,164,301,56
2015,1,Chubut,46,717,906,13,5
2015,1,Córdoba,344,248,415,5,450
2015,1,Corrientes,55,25,129,1,62
2015,1,Entre Ríos,112,47,108,6,245
2015,1,Formosa,21,5,307,670,56
2015,1,Jujuy,32,5,16,376,36
2015,1,La Pampa,13,40,527,6,604
2015,1,La Rioja,16,0,16,140,33
2015,1,Mendoza,152,13,3,29,537
2015,1,Misiones,58,27,181,5,13
2015,1,Neuquén,48,32,998,12,471
2015,1,Río Negro,66,25,907,3,1
2015,1,Salta,76,20,47,129,574
2015,1,San Juan,48,451,755,1,907
2015,1,San Luis,11,1,351,30,412
2015,1,Santa Cruz,16,3,393,5,3
2015,1,Santa Fe,329,199,3,4,2
2015,1,Santiago Del Estero,34,4,14,1,35
2015,1,Tierra Del Fuego,22,8,657,124,119
2015,1,Tucumán,138,1,116,40,188
2014,4,Buenos Aires,2315,1,121,18,32
2014,4,Capital Federal,456,840,17,2,15
2014,4,Catamarca,25,241,16,25,44
2014,4,Chaco,55,11,31,295,62
2014,4,Chubut,49,697,891,12,6
2014,4,Córdoba,345,240,419,4,486
2014,4,Corrientes,55,10,40,1,75
2014,4,Entre Ríos,112,23,57,5,260
2014,4,Formosa,21,5,286,583,65
2014,4,Jujuy,31,5,14,361,11
2014,4,La Pampa,16,34,514,6,648
2014,4,La Rioja,16,0,17,132,33
2014,4,Mendoza,152,13,3,31,529
2014,4,Misiones,58,19,167,150,15
2014,4,Neuquén,48,32,998,12,461
2014,4,Río Negro,66,24,901,4,2
2014,4,Salta,76,17,48,123,578
2014,4,San Juan,49,451,740,1,905
2014,4,San Luis,11,1,355,24,423
2014,4,Santa Cruz,18,25,388,4,3
2014,4,Santa Fe,335,183,3,6,2
2014,4,Santiago Del Estero,34,4,12,1,37
2014,4,Tierra Del Fuego,22,4,655,124,113
2014,4,Tucumán,137,1,116,36,180
2014,3,Buenos Aires,2455,1,124,20,32
2014,3,Capital Federal,450,833,18,2,14
2014,3,Catamarca,24,244,15,23,47
2014,3,Chaco,53,10,29,288,59
2014,3,Chubut,49,668,882,12,7
2014,3,Córdoba,340,240,444,4,377
2014,3,Corrientes,53,9,31,1,65
2014,3,Entre Ríos,109,22,48,5,135
2014,3,Formosa,21,5,267,507,80
2014,3,Jujuy,30,4,12,347,13
2014,3,La Pampa,16,34,538,11,677
2014,3,La Rioja,16,0,14,125,37
2014,3,Mendoza,150,13,3,40,520
2014,3,Misiones,57,18,154,3,14
2014,3,Neuquén,54,31,998,13,451
2014,3,Río Negro,65,27,888,4,2
2014,3,Salta,74,18,43,117,580
2014,3,San Juan,48,451,731,1,904
2014,3,San Luis,11,1,355,25,438
2014,3,Santa Cruz,18,25,385,4,3
2014,3,Santa Fe,326,184,4,7,1
2014,3,Santiago Del Estero,33,4,10,1,41
2014,3,Tierra Del Fuego,22,3,650,124,108
2014,3,Tucumán,132,1,117,33,173
2014,2,Buenos Aires,2604,1,120,17,33
2014,2,Capital Federal,448,828,18,2,15
2014,2,Catamarca,24,243,17,20,43
2014,2,Chaco,53,10,30,282,58
2014,2,Chubut,51,649,866,11,7
2014,2,Córdoba,338,235,351,4,374
2014,2,Corrientes,53,9,31,1,55
2014,2,Entre Ríos,109,22,49,5,133
2014,2,Formosa,21,5,249,441,78
2014,2,Jujuy,30,4,10,333,9
2014,2,La Pampa,16,33,513,6,689
2014,2,La Rioja,16,0,14,118,34
2014,2,Mendoza,149,13,2,36,512
2014,2,Misiones,57,18,4,150,8
2014,2,Neuquén,48,30,997,11,441
2014,2,Río Negro,65,25,876,4,2
2014,2,Salta,74,18,45,111,577
2014,2,San Juan,48,451,722,1,903
2014,2,San Luis,11,1,354,22,448
2014,2,Santa Cruz,19,25,381,4,3
2014,2,Santa Fe,324,178,3,6,1
2014,2,Santiago Del Estero,33,4,8,1,34
2014,2,Tierra Del Fuego,22,3,648,124,103
2014,2,Tucumán,132,1,121,31,166
2014,1,Buenos Aires,2762,1,121,17,34
2014,1,Capital Federal,446,820,18,2,15
2014,1,Catamarca,24,246,17,18,43
2014,1,Chaco,53,9,30,276,58
2014,1,Chubut,51,539,866,11,7
2014,1,Córdoba,337,226,347,4,368
2014,1,Corrientes,53,8,31,1,55
2014,1,Entre Ríos,108,21,49,5,133
2014,1,Formosa,21,5,232,384,100
2014,1,Jujuy,30,4,9,320,9
2014,1,La Pampa,16,31,513,6,701
2014,1,La Rioja,16,0,14,111,34
2014,1,Mendoza,149,12,2,37,504
2014,1,Misiones,57,17,4,150,8
2014,1,Neuquén,48,28,997,10,432
2014,1,Río Negro,65,24,876,4,2
2014,1,Salta,73,18,45,106,568
2014,1,San Juan,48,434,722,1,901
2014,1,San Luis,11,1,354,21,448
2014,1,Santa Cruz,19,25,381,4,3
2014,1,Santa Fe,323,174,3,6,1
2014,1,Santiago Del Estero,33,4,7,1,34
2014,1,Tierra Del Fuego,22,3,648,124,98
2014,1,Tucumán,130,1,121,28,160
