Año,Trimestre,Provincia,ADSL,Cablemodem,Fibra óptica,Wireless,Otras Tecnologías,Banda ancha fija,Dial up,Mbps (Media de bajada),Accesos por cada 100 hogares,HASTA 512 kbps,+ 512 Kbps - 1 Mbps,+ 1 Mbps - 6 Mbps,+ 6 Mbps - 10 Mbps,+ 10 Mbps - 20 Mbps,+ 20 Mbps - 30 Mbps,+ 30 Mbps,Otras Velocidades,Total Velocidades,KPI
2022,4,Buenos Aires,326,3,1161,130,72,5,6,74.38,78.94,28934,23347,259866,281550,244555,98670,3760109,97634,4794665,
2022,4,Capital Federal,139,1172,139,5,32,2,2,109.93,122.73,516,5096,31320,64653,36336,8116,1299117,106772,1551926,55.47251076767166
2022,4,Catamarca,9,355,47,603,22,71,4,83.33,65.77,71,315,2716,5028,4638,3122,52739,2280,70909,-46.41082050028518
2022,4,Chaco,25,61,1263,576,24,144,5,57.3,43.62,461,771,16067,17846,6704,3039,94866,3909,143663,-33.6779686787289
2022,4,Chubut,45,1551,1007,31,9,168,904,15.92,85.57,109,1614,46457,31007,34728,15770,19048,20026,168759,96.17148097203118
2022,4,Córdoba,152,457,504,62,446,1058,68,60.71,89.03,99,9929,143686,108195,63120,20691,686330,17610,1049660,4.043473179852762
2022,4,Corrientes,34,80,1684,9,52,155,4,48.35,51.64,67,3282,22647,24858,7025,3770,85806,7998,155453,-41.99707963607773
2022,4,Entre Ríos,56,136,1125,26,367,271,22,45.54,64.01,107,4722,45629,46700,20927,22483,130406,0,270974,23.95429899302867
2022,4,Formosa,14,17,1888,1466,227,62,0,32.65,39.41,84,245,22458,12391,6724,310,18930,698,61840,-38.43149507889393
2022,4,Jujuy,18,52,745,1355,1,118,0,39.32,58.46,58,1763,18652,14070,36430,335,46910,0,118218,48.33798528292313
2022,4,La Pampa,8,61,1169,20,664,114,113,19.03,94.8,68,1687,52618,10334,9167,4479,19783,16027,114164,62.16216216216216
2022,4,La Rioja,6,54,19,369,32,86,15,47.09,79.86,18,595,2531,3010,24435,5029,50644,0,86262,-15.759493670886075
2022,4,Mendoza,38,78,147,28,910,291,777,38.76,51.36,103,2954,35541,20355,35935,14909,161163,21144,292104,-35.68745304282495
2022,4,Misiones,33,87,686,11,8,186,7,53.01,52.85,51,3510,35622,21373,12196,3182,101745,8590,186269,2.9010903426791317
2022,4,Neuquén,29,73,998,24,794,160,468,51.24,78.67,168,994,38814,13960,13008,5739,85247,2250,160180,48.85525070955534
2022,4,Río Negro,34,48,1111,16,19,162,548,36.29,68.42,111,1081,32052,13931,20442,7335,57495,29644,162092,-13.02910893606203
2022,4,Salta,37,97,201,540,1411,206,5,44.2,57.96,114,1197,31530,71105,5036,117,90014,6747,205860,-15.287927506577025
2022,4,San Juan,39,451,877,22,946,104,281,16.39,50.88,24,2027,30069,11247,20440,8188,19991,11840,103826,-12.215320910973082
2022,4,San Luis,6,43,395,82,511,135,192,30.67,90.27,60,624,11785,24684,13981,78506,2227,3353,135220,77.41745283018867
2022,4,Santa Cruz,10,24,607,4,4,50,198,14.33,43.53,51,6810,11616,11509,10374,3236,5559,1048,50203,-51.77799933532735
2022,4,Santa Fe,164,412,249,44,19,888,110,47.06,78.4,468,9374,115767,194420,73345,22899,453078,18340,887691,80.10567424764531
2022,4,Santiago Del Estero,14,81,1464,7,3,119,2,18.93,48.05,178,1267,26183,58136,17735,661,14345,989,119494,-38.71173469387756
2022,4,Tierra Del Fuego,13,41,404,157,651,55,312,13.48,101.44,22,902,11649,13634,21365,3612,1812,2264,55260,111.11342351716962
2022,4,Tucumán,69,21,165,496,527,263,30,57.18,61.04,39,1562,29996,35425,26369,1375,153538,15118,263422,-39.82649842271294
2022,3,Buenos Aires,340,3,1100,127,70,5,6,70.19,78.11,29985,27709,290315,297915,267044,124190,3618689,65821,4721668,27.965268676277848
2022,3,Capital Federal,141,1160,129,6,32,2,2,101.05,122.28,517,5742,34371,67829,51946,28692,1253105,105477,1547679,56.54845730380234
2022,3,Catamarca,10,349,46,551,22,70,5,60.99,65.33,71,384,3107,5389,5099,3737,50298,2208,70293,-46.573438011122015
2022,3,Chaco,27,62,1207,564,25,144,5,53.21,43.86,461,987,16782,18938,8048,15828,79390,3711,144146,-32.86392162865452
2022,3,Chubut,45,1521,1002,30,9,165,904,15.57,84.38,109,1444,45707,30940,34682,15309,17563,20024,165778,92.38486092111262
2022,3,Córdoba,164,465,502,61,444,1040,68,56.32,88.31,99,11312,153324,111615,70989,27112,650344,13873,1038667,4.657501777672443
2022,3,Corrientes,37,77,1546,7,52,145,4,45.07,48.21,67,3865,23427,23948,7776,21706,56950,7107,144846,-45.40822103951987
2022,3,Entre Ríos,60,133,1052,26,358,269,22,42.49,63.67,107,5549,47210,46855,18263,32021,102195,16759,268959,32.06803567724539
2022,3,Formosa,14,26,1802,1441,212,69,0,30.35,43.76,97,307,23538,19545,6194,564,17704,589,68538,-31.27061410397362
2022,3,Jujuy,19,53,690,1303,2,119,0,32.43,58.91,58,1879,19135,15254,36083,519,45895,0,118823,34.620658135283364
2022,3,La Pampa,8,60,1139,20,656,116,121,18.1,96.59,68,1887,61540,9653,11592,5609,22731,3012,116092,63.96197589543373
2022,3,La Rioja,7,54,20,349,31,87,15,44.3,80.66,18,689,2842,3375,24219,5331,50390,0,86864,-16.492390516616634
2022,3,Mendoza,38,79,143,28,895,289,777,34.16,51.03,103,2953,44232,21977,48201,17243,150043,4771,289523,-36.73444086288122
2022,3,Misiones,36,89,662,11,8,182,7,49.3,51.82,51,3749,36628,20758,12676,19615,80330,8350,182157,1.5481089555163612
2022,3,Neuquén,29,76,998,27,778,163,468,47.81,80.37,134,991,38485,14080,9200,6700,78713,14858,163161,55.094558085681214
2022,3,Río Negro,36,48,1104,17,19,160,548,34.13,67.98,111,1221,32936,17860,27934,13629,42596,24271,160558,-15.416200074654721
2022,3,Salta,40,97,196,515,1376,205,5,41.33,57.76,114,1490,32923,71199,5662,1000,85661,6491,204541,-15.03383348043543
2022,3,San Juan,39,451,872,22,944,103,281,15.84,50.8,24,2027,30324,11247,22157,6780,19221,11619,103399,-12.049861495844876
2022,3,San Luis,7,29,392,71,503,122,182,27.01,81.74,60,307,6563,20813,12061,67438,13,14815,122070,60.905511811023615
2022,3,Santa Cruz,10,24,599,4,4,49,198,12.6,43.19,52,6841,12342,11313,11378,2333,4604,647,49510,-47.161732321996574
2022,3,Santa Fe,184,426,215,43,20,888,110,45.15,78.55,468,11132,132709,198588,70897,57455,396352,20209,887810,81.87080342671915
2022,3,Santiago Del Estero,15,81,1331,7,3,119,2,17.69,47.98,178,1384,28357,58982,16087,910,12342,792,119032,-38.91788669637174
2022,3,Tierra Del Fuego,13,40,419,125,651,54,312,11.01,99.51,22,831,12002,14815,20102,1752,1020,3351,53896,107.39891621508963
2022,3,Tucumán,78,19,161,458,519,263,30,53.36,61.14,39,2047,32570,39018,25214,4348,159600,280,263117,-38.55893880012059
2022,2,Buenos Aires,351,3,1042,127,71,5,6,66.24,77.58,30639,28323,295238,307554,273954,129869,3535757,65849,4667183,26.889106967615305
2022,2,Capital Federal,145,1149,122,6,32,2,2,93.97,121.31,517,5980,36036,72434,55372,31571,1229254,105607,1536771,56.36762052075278
2022,2,Catamarca,12,344,42,504,23,67,5,56.56,62.4,71,413,3678,6155,7165,3393,43926,2207,67008,-48.56153655922842
2022,2,Chaco,30,61,1154,552,26,144,5,50.61,43.79,461,1047,17603,20109,8391,15974,76271,3708,143564,-29.82371794871795
2022,2,Chubut,45,1492,998,30,9,162,904,14.91,83.19,109,1444,45804,31217,34290,14526,15394,20021,162805,89.97488010961406
2022,2,Córdoba,179,468,499,61,441,1022,68,53.51,87.48,99,11971,160486,120485,71923,28645,619400,13426,1026435,5.156869816083671
2022,2,Corrientes,38,76,1420,7,52,145,4,43.31,48.35,67,3937,24253,24842,8000,21719,55071,7107,144997,-44.73022405121171
2022,2,Entre Ríos,64,131,983,26,349,269,22,40.03,63.9,107,5656,48637,48557,18512,32354,98769,16759,269352,32.16132368148914
2022,2,Formosa,15,25,1721,1417,212,68,0,28.22,43.42,97,407,23834,19706,6330,591,16326,590,67881,-32.05007824726135
2022,2,Jujuy,20,54,639,1253,2,115,0,29.39,57.32,58,1829,19458,15790,37786,549,37391,2453,115314,32.01289728235835
2022,2,La Pampa,8,59,1110,20,649,111,129,16.07,92.98,68,1887,62546,9842,11800,5247,17125,3012,111527,62.21214235868807
2022,2,La Rioja,8,53,19,330,31,86,16,43.28,80.14,18,728,3179,3890,23814,5481,48920,0,86030,-13.80942138094214
2022,2,Mendoza,38,78,136,27,881,279,777,29.72,49.39,103,2954,44961,22557,64138,19543,121366,3940,279562,-38.37035188420265
2022,2,Misiones,37,89,638,11,8,179,7,46.23,51.0,51,3808,37254,21712,12774,19757,75107,8350,178813,3.2597691840453527
2022,2,Neuquén,30,75,998,27,761,162,468,46.53,80.02,134,999,38826,15066,9205,2039,76982,18717,161968,56.90196078431372
2022,2,Río Negro,36,47,1097,17,19,159,548,33.26,67.85,111,1227,33364,17938,27168,13714,41972,24270,159764,-15.208697825543616
2022,2,Salta,43,96,192,491,1341,203,5,38.77,57.54,114,1530,33732,72661,6012,1156,81478,6494,203177,-15.195283714075162
2022,2,San Juan,39,451,868,22,943,100,281,14.44,49.46,24,2027,30385,11276,24649,3728,16701,11617,100407,-14.042405283281193
2022,2,San Luis,7,29,388,71,496,122,182,23.79,81.76,60,306,6840,21217,11052,67438,13,14815,121741,65.30529720986657
2022,2,Santa Cruz,10,24,591,4,4,49,198,11.81,43.15,52,6841,12348,11369,11885,2454,3592,644,49185,-47.22358121330725
2022,2,Santa Fe,198,428,190,43,20,879,110,42.01,77.9,468,11757,138534,204381,74133,58114,373888,17584,878859,80.53302433371961
2022,2,Santiago Del Estero,17,80,1210,7,3,118,2,16.34,47.7,178,1401,29581,59931,14606,883,10672,792,118044,-38.767650834403085
2022,2,Tierra Del Fuego,13,40,435,125,651,53,312,10.97,99.86,22,831,12052,14828,19968,1712,1006,3351,53770,109.35010482180292
2022,2,Tucumán,86,15,157,423,487,254,30,50.09,59.31,39,2195,34461,43513,23634,4863,145541,281,254527,-40.606849589425195
2022,1,Buenos Aires,392,3,987,126,67,5,6,62.51,76.08,31591,30056,313382,321756,290127,161183,3381049,26280,4555424,28.275164390490637
2022,1,Capital Federal,102,1137,62,6,30,1,2,88.22,111.8,527,5575,39918,77390,61053,43289,1188072,1717,1417541,46.95057833859096
2022,1,Catamarca,14,339,29,461,23,62,5,51.22,58.21,71,456,4386,7009,8773,3761,35715,2207,62378,-47.93381037567084
2022,1,Chaco,32,65,1103,541,26,144,5,45.84,44.06,461,1099,16888,21235,20898,13012,62946,7580,144119,-24.30853805188112
2022,1,Chubut,44,1464,994,31,21,171,927,13.4,88.05,113,1677,61369,31856,33080,13871,14055,15607,171628,99.84112573763049
2022,1,Córdoba,196,502,497,61,439,1004,74,49.89,85.76,100,12782,165922,126009,73967,34892,577027,13104,1003803,-2.6007950028392868
2022,1,Corrientes,40,79,1304,7,52,143,4,38.11,47.64,67,4029,24563,25665,27077,10452,43631,7094,142578,-44.44962686567165
2022,1,Entre Ríos,67,139,919,26,341,268,22,35.59,63.7,107,5745,50075,49620,42294,21578,81757,16750,267926,33.71116708648195
2022,1,Formosa,16,16,1642,1393,202,55,0,26.24,34.96,97,448,24113,6945,6613,716,15028,588,54548,-45.11773940345369
2022,1,Jujuy,21,61,592,1205,4,117,0,27.69,58.06,58,1761,22141,16321,37923,576,35287,2442,116509,66.07551487414189
2022,1,La Pampa,8,59,1082,20,641,110,138,14.84,91.66,301,2223,62812,9869,12044,5250,14400,2833,109732,57.87116775749224
2022,1,La Rioja,9,59,10,312,31,84,16,41.37,78.77,18,778,3576,4692,23624,5645,45970,0,84303,-14.062840933886104
2022,1,Mendoza,49,74,123,27,867,274,786,26.2,48.74,114,3355,51230,26407,74178,21566,95048,3287,275185,-38.123651136219365
2022,1,Misiones,39,92,615,8,8,172,7,41.87,49.04,51,3873,35655,22261,26855,15854,58610,8349,171508,0.6155108740254353
2022,1,Neuquén,28,73,998,23,745,149,471,43.05,74.17,137,1123,39856,15623,11163,2654,71238,7885,149679,51.24388254486134
2022,1,Río Negro,39,45,1089,17,18,157,553,31.09,67.04,116,1383,35565,18859,26926,14144,37729,22652,157374,-9.613051098827013
2022,1,Salta,45,99,187,468,1307,198,5,36.71,56.11,114,1725,35576,68246,6313,2214,76838,6489,197515,-16.303699284009554
2022,1,San Juan,34,451,863,21,941,88,290,11.99,43.55,26,2269,32356,11914,25144,2088,11916,2465,88178,-22.384601675280702
2022,1,San Luis,8,11,384,72,489,120,185,20.95,80.72,61,643,8287,3837,9802,68612,13,28589,119844,85.35017221584387
2022,1,Santa Cruz,11,23,582,4,4,49,204,10.89,43.34,51,6898,12710,11502,12277,2628,2551,485,49102,-46.30822596630327
2022,1,Santa Fe,213,445,147,45,21,870,115,38.89,77.3,468,12435,143796,208361,84787,58018,344170,18444,870479,78.35717581910473
2022,1,Santiago Del Estero,18,88,1100,6,3,116,2,14.5,47.17,178,1401,30220,61170,13542,849,8309,792,116461,-38.97800776196636
2022,1,Tierra Del Fuego,13,39,451,124,340,52,313,10.73,98.29,24,894,12849,15640,18034,1767,982,2421,52611,108.37396650413397
2022,1,Tucumán,93,62,152,391,487,246,30,47.24,57.39,39,2212,36028,46961,21014,5211,133846,273,245584,-41.61155763556822
2021,4,Buenos Aires,426,3,935,127,73,5,6,60.21,75.66,37821,11026,352950,331292,297296,196021,3259793,22958,4509157,31.834814427600623
2021,4,Capital Federal,111,1126,60,6,30,1,2,82.95,111.27,563,1695,47133,81899,66135,66755,1147939,0,1412119,47.06582077716098
2021,4,Catamarca,16,334,25,421,24,59,5,46.38,55.25,71,0,6038,7855,9804,3262,29827,2233,59090,-50.34600521254605
2021,4,Chaco,36,63,1055,530,27,144,5,42.34,44.05,461,112,18845,22678,21937,13692,58435,7585,143745,-20.27149321266969
2021,4,Chubut,46,1436,990,28,19,159,944,9.08,82.57,126,1294,63698,39568,31175,5780,2904,15763,160308,87.4460839954597
2021,4,Córdoba,212,487,494,61,437,987,77,46.36,84.51,100,2479,184548,130892,76246,41198,538700,12607,986770,2.349521618021088
2021,4,Corrientes,43,71,1197,7,52,136,4,35.77,45.51,67,645,28830,26368,22922,10087,39911,7082,135912,-46.14838480653178
2021,4,Entre Ríos,70,133,859,25,332,265,22,33.32,63.16,107,3024,56043,49636,38295,24068,77290,16583,265046,38.782685124148536
2021,4,Formosa,17,15,1568,1370,172,54,0,24.39,34.45,84,0,22908,6983,6811,1135,13775,1967,53663,-45.45598480050664
2021,4,Jujuy,22,61,548,1158,4,114,0,27.14,56.92,58,175,22446,16793,38134,564,33421,2324,113915,65.22496371552975
2021,4,La Pampa,8,58,1055,19,633,107,148,13.85,89.57,301,493,64840,9082,12259,4821,12184,3027,107007,57.361208713984524
2021,4,La Rioja,10,57,16,295,31,83,16,39.7,77.92,18,1,5018,5437,23559,5671,43424,0,83128,-13.006587026906322
2021,4,Mendoza,60,72,110,39,854,267,804,22.23,47.51,156,1463,66428,30308,75214,18621,75031,366,267587,-39.02720739219713
2021,4,Misiones,42,92,593,8,8,171,7,38.9,49.06,51,5,41916,23554,26721,15954,54596,8335,171132,3.262471058724488
2021,4,Neuquén,29,73,998,22,746,147,477,40.09,73.3,140,940,42313,13264,10515,3310,69217,7767,147466,49.4088870770485
2021,4,Río Negro,42,44,1082,17,18,153,564,27.2,65.69,156,1174,38373,19878,31255,4130,36142,22645,153753,-10.381991814461118
2021,4,Salta,47,100,183,447,1274,199,6,33.94,56.81,114,20,40673,69324,6642,3535,72622,6475,199405,-13.518039275384375
2021,4,San Juan,36,451,858,11,940,80,291,11.05,39.59,44,1442,28906,10955,23978,398,9800,4435,79958,-30.311564865340607
2021,4,San Luis,8,11,381,71,482,119,187,20.91,80.3,62,264,8550,4276,9107,67363,9,29218,118849,102.82899722152057
2021,4,Santa Cruz,11,23,574,4,4,48,210,8.99,43.05,52,297,20305,11641,13054,1770,876,491,48486,-46.388542963885435
2021,4,Santa Fe,233,444,129,44,16,866,176,36.02,77.09,467,581,169706,206856,85690,62349,322015,18777,866441,79.07084785133569
2021,4,Santiago Del Estero,19,87,1000,6,3,116,2,13.84,47.05,178,909,31915,61524,12205,800,7537,793,115861,-38.967440653781296
2021,4,Tierra Del Fuego,13,38,468,124,342,52,315,10.7,98.4,26,385,13505,16534,16562,1748,1016,2580,52357,109.1392136025505
2021,4,Tucumán,98,59,148,362,486,239,30,45.15,55.93,39,97,37321,48736,21023,5326,125857,240,238639,-43.16056910569106
2021,3,Buenos Aires,586,3,886,120,65,4,5,56.26,71.68,37193,31149,1108940,248153,141383,192797,2482266,9728,4251609,28.160200250312904
2021,3,Capital Federal,143,1114,43,6,29,1,2,77.71,111.27,295,603,156978,67013,39785,73502,1075229,0,1413405,55.23158482142855
2021,3,Catamarca,18,329,22,385,24,56,6,43.43,52.71,71,0,6755,8428,10517,1659,26618,2206,56254,-52.62874090051226
2021,3,Chaco,38,64,1008,519,27,140,3,39.11,42.96,301,112,22545,20986,23852,14412,49705,7958,139871,-18.497438816163918
2021,3,Chubut,49,1409,985,23,19,155,800,8.18,80.71,104,105,89168,26281,18538,5320,1643,14907,156066,87.87243947858471
2021,3,Córdoba,229,477,492,58,434,947,62,41.93,81.28,99,2452,204989,141285,65050,47198,476459,9256,946788,0.706232189319796
2021,3,Corrientes,45,69,1099,7,52,134,3,32.17,44.9,67,645,29629,28478,24792,9687,35468,5053,133819,-44.75885826771654
2021,3,Entre Ríos,74,129,802,24,324,260,15,29.6,62.18,107,3024,61354,59776,39114,16283,67961,12755,260375,38.485523385300674
2021,3,Formosa,18,14,1497,1347,171,53,0,22.68,33.96,381,0,22778,7142,6978,1192,12707,1617,52795,-45.38436796397555
2021,3,Jujuy,24,61,507,1114,4,111,0,25.98,55.69,48,175,23884,16417,37755,561,29917,2401,111158,63.98704358068314
2021,3,La Pampa,9,58,1028,14,626,100,158,12.99,84.28,298,313,65063,7395,8737,4022,10506,4152,100487,51.33776261447298
2021,3,La Rioja,11,55,15,279,30,82,16,38.87,77.26,18,1,5366,5979,23315,4868,42613,0,82160,-8.329378262933075
2021,3,Mendoza,91,71,71,39,840,255,619,13.37,45.55,36,31,151871,12640,62628,7596,21087,50,255939,-41.043230649754086
2021,3,Misiones,43,89,572,7,8,159,7,30.88,45.57,51,5,41932,25099,26079,14792,42291,8279,158528,0.04390779363337679
2021,3,Neuquén,30,74,998,19,640,139,373,38.34,69.71,112,327,57441,8566,6234,3631,57919,5579,139809,52.97344744349351
2021,3,Río Negro,48,45,1075,15,18,144,501,25.4,61.97,125,557,68991,3730,14880,2282,34011,20009,144585,-11.103141586572939
2021,3,Salta,49,98,179,426,1242,196,2,31.21,55.96,101,20,41431,70104,6962,3878,67010,6327,195833,-9.698241084395672
2021,3,San Juan,40,451,854,11,939,79,256,7.04,39.46,18,333,59873,752,13250,338,278,4641,79483,-29.48534667619728
2021,3,San Luis,8,12,377,69,476,118,148,21.7,79.87,60,0,11552,2405,6491,67942,22,29392,117864,102.40750126710594
2021,3,Santa Cruz,12,23,566,4,3,49,197,7.69,43.75,50,0,30561,8365,6799,1788,678,735,48976,-45.22348816827345
2021,3,Santa Fe,246,443,93,43,16,841,151,33.13,75.02,467,579,193207,201250,83941,55080,290793,16267,841584,71.4742857142857
2021,3,Santiago Del Estero,20,86,909,6,3,115,1,13.35,47.0,123,909,32752,61838,11274,801,6863,898,115458,-37.350039989336175
2021,3,Tierra Del Fuego,13,37,486,124,390,50,289,9.52,94.95,17,0,23723,13397,9782,1433,976,895,50223,102.0212765957447
2021,3,Tucumán,104,54,144,334,743,232,25,42.1,54.64,32,97,39446,50293,21986,5300,115154,164,232472,-42.45392311743023
2021,2,Buenos Aires,603,3,854,114,58,4,5,52.76,70.0,37192,31178,1096049,244001,140322,236897,2337604,9108,4132350,28.111273792093705
2021,2,Capital Federal,149,1103,41,6,29,1,2,72.75,110.14,294,603,157558,73568,43859,86655,1037752,66,1400355,57.34285714285714
2021,2,Catamarca,20,324,22,352,25,56,6,42.19,52.34,71,0,7219,9091,6828,4941,25388,2206,55744,-52.47866351915743
2021,2,Chaco,40,63,964,508,28,141,3,37.4,43.33,301,112,23444,21574,24032,16068,47239,7958,140729,-17.214367596484532
2021,2,Chubut,49,1383,981,24,19,138,825,7.68,72.29,104,105,89639,22605,16604,3896,1112,5172,139237,66.83591045465039
2021,2,Córdoba,240,468,490,56,432,931,62,39.59,80.12,99,2452,201757,136516,66950,70824,442357,9925,930880,10.831373633974268
2021,2,Corrientes,47,67,1009,7,52,129,3,30.37,43.54,67,645,29419,27037,24524,10059,32697,5053,129501,-45.65651522715927
2021,2,Entre Ríos,78,125,750,24,316,258,15,27.62,61.66,107,3024,63518,55349,39468,18484,61605,16077,257632,41.61690399632521
2021,2,Formosa,20,13,1429,1325,171,52,0,21.09,33.23,381,0,22364,7310,7460,1341,11077,1618,51551,-46.10768731754785
2021,2,Jujuy,25,61,470,1071,4,112,0,25.81,56.18,48,175,24182,16577,37908,607,29950,2401,111848,69.06409870598857
2021,2,La Pampa,9,57,1002,13,618,98,169,12.28,82.08,298,554,64146,7769,8128,3399,9311,4062,97667,46.10181559273763
2021,2,La Rioja,12,54,15,264,30,82,16,38.53,76.98,18,1,5312,5971,23298,4825,42158,19,81602,-6.2134502923976545
2021,2,Mendoza,92,71,45,39,827,229,619,13.47,40.97,36,31,137462,10886,56117,4403,20686,50,229671,-46.77838399584308
2021,2,Misiones,45,88,552,5,8,156,7,28.68,45.01,51,5,41643,25907,25811,16172,38308,8279,156176,9.860873810104954
2021,2,Neuquén,30,73,998,19,640,138,373,36.11,69.14,112,327,57713,8631,5871,5943,54008,5645,138250,53.610308820262176
2021,2,Río Negro,48,44,1068,15,18,144,501,23.75,61.94,125,557,69356,3663,15019,3867,31488,20009,144084,-10.413653456754416
2021,2,Salta,51,96,175,406,1210,192,2,29.24,54.93,101,20,42543,67012,7099,9654,58882,6328,191639,-11.31740393929609
2021,2,San Juan,40,451,849,11,937,79,256,6.99,39.28,18,333,59989,784,12550,340,278,4641,78933,-28.490806480975785
2021,2,San Luis,8,11,374,67,469,123,148,21.66,83.48,60,0,11752,2703,5418,65946,22,36917,122818,112.5254582484725
2021,2,Santa Cruz,12,23,558,4,3,49,197,7.63,44.01,50,0,30595,8463,6888,1575,676,735,48982,-47.28078581696215
2021,2,Santa Fe,257,432,90,44,18,840,151,30.7,75.07,467,896,202018,204077,80452,75195,262124,15371,840600,70.57486934787548
2021,2,Santiago Del Estero,21,84,909,5,4,114,1,12.72,46.56,123,909,32034,62224,10359,811,6064,1566,114090,-37.977887305181824
2021,2,Tierra Del Fuego,13,23,504,124,316,35,289,8.59,67.89,17,0,21335,6913,4580,476,889,1483,35693,45.811855670103085
2021,2,Tucumán,110,48,140,309,743,233,25,40.31,54.93,32,97,40224,51648,23732,5022,109616,2680,233051,-19.089703932832524
2021,1,Buenos Aires,630,2,822,99,58,4,5,50.79,69.11,36939,31187,1108368,240520,163747,222061,2246313,10867,4060002,25.81467322046241
2021,1,Capital Federal,160,1092,40,6,29,1,1,68.29,108.42,135,244,159662,76753,56457,83255,1003041,126,1379673,56.88033569671539
2021,1,Catamarca,26,319,19,322,25,52,6,39.97,48.9,71,0,7423,8455,10115,712,22996,2196,51968,-54.89762036524627
2021,1,Chaco,43,61,922,498,28,140,3,33.63,43.14,301,112,24357,22102,27556,14496,42462,8384,139770,-11.779141104294474
2021,1,Chubut,46,1356,977,24,19,132,825,7.53,68.99,106,109,86986,21401,15392,2844,1112,4390,132340,59.92118683356512
2021,1,Córdoba,260,445,487,54,430,911,55,36.17,78.59,93,2386,211799,135092,74659,71984,402191,12677,910881,13.91506015364547
2021,1,Corrientes,49,63,927,6,52,127,3,25.99,42.66,67,527,31544,26223,26169,9001,27641,5453,126625,-45.7182847690546
2021,1,Entre Ríos,84,118,701,21,309,252,13,23.87,60.44,105,2911,67255,56060,42432,15774,54600,12826,251963,41.67838724800751
2021,1,Formosa,21,11,1364,1303,380,51,0,19.6,32.73,56,0,22409,7569,7916,1215,9579,1942,50686,-45.84712111184646
2021,1,Jujuy,32,54,435,1030,4,110,0,26.78,55.63,49,175,23735,17293,40649,568,25609,2378,110456,69.96639168958146
2021,1,La Pampa,9,59,976,12,611,97,180,10.73,81.78,298,554,68200,7864,7611,2786,7368,2424,97105,47.00701060578824
2021,1,La Rioja,17,35,14,250,30,53,17,12.7,49.81,18,1,36749,5968,4604,215,5074,-1,52628,-39.092687698703834
2021,1,Mendoza,92,69,39,39,833,218,615,12.6,39.15,28,40,134386,11216,52533,4061,16615,44,218923,-21.401325035133514
2021,1,Misiones,48,82,532,5,7,149,7,25.08,43.17,51,524,40949,25503,27101,14050,32953,8256,149387,10.268199233716484
2021,1,Neuquén,30,70,998,18,632,133,373,34.24,66.84,116,327,56171,8443,5903,5677,50840,5758,133235,54.82974287699792
2021,1,Río Negro,49,42,1061,14,18,141,501,21.92,60.88,125,466,70011,4187,13045,3642,29589,20103,141168,-8.916816277678038
2021,1,Salta,55,89,171,387,1180,188,2,27.32,53.93,109,20,40785,68149,9164,8138,54889,6319,187574,-11.415900131406048
2021,1,San Juan,40,451,844,11,936,78,256,6.91,39.06,25,194,60439,858,11494,340,276,4641,78267,-27.572779529019094
2021,1,San Luis,8,11,370,64,463,119,148,21.59,81.24,58,0,11889,2926,4429,62913,22,36917,119154,107.98771121351764
2021,1,Santa Cruz,12,23,551,4,4,46,197,7.5,41.65,50,0,30655,8334,6987,1337,647,-1945,46065,-48.732151649433774
2021,1,Santa Fe,277,421,71,39,18,826,137,28.13,73.92,518,891,201632,204458,91846,65476,236924,24382,826127,77.47899159663866
2021,1,Santiago Del Estero,26,76,570,5,4,112,1,11.58,45.67,123,909,33884,58464,8549,700,4868,4144,111641,-38.21699134199134
2021,1,Tierra Del Fuego,13,27,522,124,316,40,289,8.73,77.35,17,0,21379,1468,4317,486,919,11836,40422,69.36719947449089
2021,1,Tucumán,147,12,137,285,740,232,22,37.98,54.82,29,97,42810,53416,25255,4188,103437,2680,231912,-29.1273432449903
2020,4,Buenos Aires,636,2,805,93,58,4,5,50.01,68.98,36939,31197,1109865,242243,214171,213588,2176242,9016,4033261,25.829989055089392
2020,4,Capital Federal,163,1081,40,5,29,1,1,67.33,108.31,135,244,160210,78123,60208,80269,1000073,268,1379530,57.016526529428816
2020,4,Catamarca,27,315,18,322,26,52,7,37.65,49.41,71,0,8843,8740,11436,591,20406,2309,52396,-54.38094358784969
2020,4,Chaco,44,61,881,488,29,139,3,32.45,43.03,301,112,24782,22479,26802,15701,40949,7965,139091,-12.91236591783039
2020,4,Chubut,46,1331,973,23,19,130,825,7.38,68.35,106,109,88157,21824,12046,2818,1112,4402,130574,58.842667906112
2020,4,Córdoba,267,439,485,53,427,903,55,35.12,78.08,119,2386,214963,135262,82221,70013,384169,13568,902701,14.235552304316027
2020,4,Corrientes,50,61,851,6,52,126,3,25.45,42.43,67,527,31900,26321,25687,9383,26789,4985,125659,-45.658299180327866
2020,4,Entre Ríos,86,114,655,20,301,247,13,24.05,59.47,105,2911,65659,53556,40755,16600,53141,14654,247381,40.16026396417629
2020,4,Formosa,21,11,1302,1281,380,50,0,18.23,32.49,56,0,23540,7606,7181,1197,8946,1680,50206,-45.36741214057508
2020,4,Jujuy,33,53,403,990,3,106,0,25.21,53.46,49,182,23772,14379,44930,446,19282,2811,105851,64.54293628808864
2020,4,La Pampa,9,59,952,12,604,97,193,9.88,81.77,298,554,70184,8124,6562,2396,6257,2520,96895,52.9554807332585
2020,4,La Rioja,18,35,14,250,30,53,17,12.53,50.11,18,1,36906,6060,4633,181,4979,0,52778,-38.71835636541518
2020,4,Mendoza,92,68,36,39,833,215,615,11.09,38.63,28,40,146312,11172,40396,3378,11557,2570,215453,-22.909598882458585
2020,4,Misiones,49,80,513,4,7,147,7,24.96,42.64,51,524,39988,26078,26445,14810,32264,7001,147161,10.38053326430235
2020,4,Neuquén,30,71,998,18,632,133,373,33.91,67.0,116,327,56434,8478,5791,5493,50776,5720,133135,57.129455909943715
2020,4,Río Negro,49,42,1054,14,18,141,501,21.64,61.09,125,466,70305,4153,13131,3512,29372,20146,141210,-8.820895522388055
2020,4,Salta,57,88,167,370,1150,187,2,25.32,54.04,109,514,41443,68829,15188,8291,46697,6319,187390,-11.540350302831893
2020,4,San Juan,40,451,840,10,934,72,256,6.41,36.32,25,194,61316,740,5126,332,275,4588,72596,-32.79052553663953
2020,4,San Luis,8,12,367,63,456,119,148,21.25,81.68,58,0,14020,3490,2688,62239,22,36918,119435,124.88986784140972
2020,4,Santa Cruz,12,20,543,5,3,40,197,7.49,37.0,47,0,27173,4382,6634,1033,647,758,40674,-54.701273261508334
2020,4,Santa Fe,287,415,63,39,17,821,137,27.29,73.58,518,891,206372,203793,94246,65144,226246,23602,820813,98.86486486486487
2020,4,Santiago Del Estero,27,71,570,5,4,107,1,11.28,43.75,123,909,34518,57590,4666,411,4520,3932,106669,-40.54090785539549
2020,4,Tierra Del Fuego,13,26,542,124,316,39,289,8.49,76.27,17,0,21881,6119,3497,488,922,6690,39614,74.33142857142856
2020,4,Tucumán,149,11,133,263,740,231,22,36.44,54.78,29,97,44095,54334,32155,4105,93594,2680,231089,-28.176216074472265
2020,3,Buenos Aires,654,2,749,94,56,4,5,48.38,67.66,37542,31514,1113823,234710,219772,194248,2085815,19853,3937277,23.512230741146396
2020,3,Capital Federal,170,1071,39,4,29,1,1,63.81,107.68,264,312,162222,85083,68753,78028,977766,247,1372675,59.14868459946795
2020,3,Catamarca,27,310,17,261,26,50,7,36.54,47.16,63,0,8276,8768,11195,562,18886,2154,49904,-56.203566121842506
2020,3,Chaco,46,59,842,478,30,134,3,30.8,41.54,308,112,24675,21639,27546,13751,38729,7194,133954,-11.916878710771837
2020,3,Chubut,46,1306,969,23,19,129,825,7.4,68.34,158,109,87559,22114,12217,2818,1110,3942,130026,64.51612903225808
2020,3,Córdoba,276,431,482,48,425,867,55,33.51,75.22,168,3064,218599,124833,84236,63823,361021,11728,867472,10.067310506292063
2020,3,Corrientes,51,59,782,6,52,123,3,23.85,41.75,72,527,35190,23315,25308,8615,25344,5020,123391,-44.49614464238235
2020,3,Entre Ríos,88,107,612,20,294,241,13,22.43,58.19,130,2911,66648,51478,40797,14377,49395,15759,241495,39.37724550898203
2020,3,Formosa,22,10,1242,1259,393,49,0,16.95,31.91,391,151,23163,7432,7125,991,8219,1737,49209,-45.16239903763533
2020,3,Jujuy,33,58,373,952,4,107,0,21.91,54.04,55,182,32131,10566,45198,293,15238,3065,106728,69.35130053274835
2020,3,La Pampa,9,57,928,12,597,94,206,10.7,79.26,293,810,66695,7820,5577,2189,6322,4029,93735,46.66913397483347
2020,3,La Rioja,17,35,13,250,35,53,17,12.19,50.12,21,1,37105,5955,4660,124,4748,2,52616,-36.765076961897556
2020,3,Mendoza,92,65,33,39,868,207,615,10.19,37.35,58,40,141404,12123,42433,3448,8237,45,207788,-25.47885075818036
2020,3,Misiones,50,78,495,3,9,143,7,24.14,41.6,71,524,39005,24215,25942,13663,30987,8779,143186,11.378848728246318
2020,3,Neuquén,30,70,998,17,737,129,373,31.46,65.24,218,327,60463,6561,5975,5449,49439,803,129235,56.826923076923066
2020,3,Río Negro,50,40,1047,13,18,131,501,21.08,57.05,114,466,68986,3769,7096,3455,28488,19093,131467,-12.553648068669526
2020,3,Salta,58,84,163,352,1121,181,2,25.26,52.32,129,514,32780,64736,15990,7928,43773,14996,180846,-8.290972830850126
2020,3,San Juan,40,451,835,14,933,77,256,6.03,38.79,48,194,65525,711,6529,41,128,4150,77327,-25.860091743119266
2020,3,San Luis,8,10,363,62,450,116,148,20.85,79.96,105,0,12199,3351,2666,61319,8,36917,116565,106.13560195926783
2020,3,Santa Cruz,13,16,535,7,2,39,197,6.65,35.95,66,0,26888,4014,6730,629,120,833,39281,-55.040020010004994
2020,3,Santa Fe,295,406,46,37,19,803,137,25.69,72.12,568,1241,213353,199381,92095,58797,210562,27001,802998,100.61196105702363
2020,3,Santiago Del Estero,26,71,555,4,4,105,1,10.88,43.38,133,909,33287,57418,4658,292,3994,4801,105492,-39.85024958402662
2020,3,Tierra Del Fuego,13,26,562,124,310,39,289,8.51,76.81,11,0,22094,5414,3726,481,937,6992,39655,77.06316274781004
2020,3,Tucumán,150,12,129,243,762,224,22,34.84,53.23,52,97,45913,54610,33126,3246,84195,2637,223876,-30.69912771774509
2020,2,Buenos Aires,661,2,723,92,57,4,5,45.66,65.22,37542,31606,1129236,241336,233132,188995,1894466,21233,3777546,22.524891978207783
2020,2,Capital Federal,179,1060,39,4,29,1,1,60.48,106.41,264,312,166474,94585,79858,80160,935481,687,1357821,63.155473781048755
2020,2,Catamarca,27,305,15,261,27,48,7,34.93,45.43,63,0,8801,8690,10242,426,16578,3176,47976,-57.30664411239545
2020,2,Chaco,47,56,805,468,30,128,3,27.95,39.83,308,928,24350,21140,29044,12082,33311,6969,128132,-12.326656394453007
2020,2,Chubut,46,1281,964,18,6,108,825,7.61,57.34,158,109,69578,22188,10537,1473,614,3999,108656,43.96183781069547
2020,2,Córdoba,283,415,480,45,423,836,55,30.99,72.71,168,4383,219025,125932,89530,63216,325243,8971,836468,26.805022671782332
2020,2,Corrientes,51,56,718,4,52,119,3,22.15,40.3,72,527,34242,22845,25844,7898,22418,5020,118866,-44.574336404896165
2020,2,Entre Ríos,89,99,572,20,287,234,13,20.45,56.54,130,3679,66758,50640,42090,12856,43391,14569,234113,40.29776674937966
2020,2,Formosa,22,9,1186,1238,169,48,0,15.76,31.14,391,151,23534,7109,6998,961,7475,1313,47932,-44.92394764768306
2020,2,Jujuy,33,39,345,952,17,94,0,15.86,47.89,55,182,30548,10519,26829,209,9417,16557,94316,53.78933847141939
2020,2,La Pampa,9,54,904,11,590,90,220,8.03,76.1,293,810,71218,7531,3800,1657,3377,1123,89809,58.90582585090832
2020,2,La Rioja,17,35,12,250,35,52,17,11.67,49.84,21,1,37375,5661,4686,73,4336,2,52155,-34.50722733245728
2020,2,Mendoza,92,63,30,39,802,201,615,9.27,36.25,58,40,142253,12439,35274,3248,5422,2450,201184,-27.267255216693425
2020,2,Misiones,51,74,477,3,9,140,7,22.56,40.89,71,524,39867,23719,26445,12305,28763,8646,140340,12.8
2020,2,Neuquén,30,68,998,16,745,126,373,29.1,63.9,218,327,61171,6103,6625,5296,46432,0,126172,56.27292736610418
2020,2,Río Negro,50,40,1040,11,18,129,501,19.68,56.37,114,466,70817,3335,7498,3246,26953,17057,129485,-11.784037558685448
2020,2,Salta,60,82,160,336,1093,178,2,22.56,51.58,129,514,41801,64462,16989,7741,39594,6531,177762,-8.497427709774701
2020,2,San Juan,40,451,830,7,932,70,256,6.31,35.09,48,194,59113,917,4908,40,127,4430,69777,-31.969755719271024
2020,2,San Luis,8,8,360,61,444,114,148,21.02,78.41,105,0,11439,3585,1934,60889,8,35992,113952,123.453975491593
2020,2,Santa Cruz,13,16,528,7,2,39,197,6.59,35.79,66,0,26938,4166,6541,546,119,493,38869,-54.35531182247162
2020,2,Santa Fe,300,382,47,30,19,778,137,23.93,70.0,568,2061,213054,198772,96575,57236,189473,20193,777932,95.58535903883767
2020,2,Santiago Del Estero,26,72,355,3,4,105,1,10.41,43.47,133,1779,32557,57709,5178,247,3328,4516,105447,-37.9
2020,2,Tierra Del Fuego,13,26,583,124,310,39,289,8.13,76.37,11,0,22325,5186,3034,391,796,7446,39189,75.68438003220614
2020,2,Tucumán,150,10,126,225,762,217,22,32.7,51.78,52,97,49028,54537,34184,2246,74377,2635,217156,-32.19850726725154
2020,1,Buenos Aires,673,2,721,85,18,4,5,45.18,64.33,38215,36802,1122034,236421,247977,205780,1802583,28935,3718747,24.23715720355349
2020,1,Capital Federal,184,1049,39,4,29,1,1,58.71,105.98,264,312,169651,102254,89665,85899,906009,0,1354054,64.74428726877042
2020,1,Catamarca,22,301,12,261,27,40,8,29.13,37.62,63,0,8838,7543,9558,408,10299,2151,38860,-64.50273636535196
2020,1,Chaco,46,54,770,458,31,120,3,25.94,37.48,308,928,23291,19976,29851,10416,28539,6917,120226,-0.3721424774056369
2020,1,Chubut,46,1257,960,17,5,96,800,7.12,51.27,158,109,69586,12957,7756,1240,614,4500,96920,36.7929562433298
2020,1,Córdoba,286,406,478,42,421,811,55,29.39,70.69,142,5128,217229,120188,95827,65733,296875,9802,810924,37.87790130680709
2020,1,Corrientes,51,53,659,2,52,114,3,20.54,38.73,72,527,33479,21382,26679,7351,19467,4780,113737,-45.21148677323525
2020,1,Entre Ríos,90,95,535,19,280,232,13,19.03,56.12,130,4081,72280,47132,41125,11988,39794,13762,230292,44.900593854892854
2020,1,Formosa,21,9,1132,1218,169,46,0,14.65,30.23,1127,342,23761,6500,6564,964,6918,100,46276,-46.13328581610834
2020,1,Jujuy,32,39,320,942,17,92,0,14.14,46.67,55,182,33120,9979,26693,166,7349,16545,94089,54.383063182269275
2020,1,La Pampa,9,54,881,11,583,89,235,7.29,75.77,293,811,72740,7199,3029,1342,2113,1618,89145,62.35268909363615
2020,1,La Rioja,13,35,12,251,29,48,18,7.96,46.35,21,1,37209,5158,4640,22,1294,0,48345,-38.828032202718745
2020,1,Mendoza,92,50,28,39,722,183,615,8.44,33.14,58,40,140410,12285,17489,2860,3818,0,176960,-28.500539374325783
2020,1,Misiones,51,69,460,460,11,134,7,22.15,39.02,71,524,36622,21271,26433,11581,26313,10885,133700,17.742908871454443
2020,1,Neuquén,29,66,998,15,729,121,373,27.77,61.85,218,327,60152,5257,7123,5399,43738,0,122214,58.50845720143515
2020,1,Río Negro,48,38,1033,11,18,126,501,19.06,55.12,114,466,69154,2930,7857,3199,25488,17719,126927,-10.881164106709788
2020,1,Salta,60,76,156,321,1065,170,2,21.43,49.6,129,514,38537,63714,17991,8625,34744,6441,170695,-10.014513788098688
2020,1,San Juan,40,451,826,7,930,64,256,6.04,32.39,48,194,59787,1594,1292,40,127,4779,67861,-34.69758064516129
2020,1,San Luis,8,8,357,58,437,110,148,20.99,76.31,105,0,11322,4164,525,58258,5,36075,110454,135.59740660697744
2020,1,Santa Cruz,13,16,521,7,2,39,197,6.42,35.97,67,11,27447,4993,5169,529,119,0,38335,-52.86332066570568
2020,1,Santa Fe,302,384,35,30,19,771,137,22.42,69.52,696,2994,217553,196826,104560,48448,173823,17656,762556,93.27217125382262
2020,1,Santiago Del Estero,25,70,200,3,5,103,1,10.0,42.47,133,1779,33086,56884,3737,135,2799,4501,103054,-38.90966628308401
2020,1,Tierra Del Fuego,13,26,605,124,308,39,289,7.41,76.07,11,1,22976,5024,1834,196,518,7046,37606,79.11466917824346
2020,1,Tucumán,143,10,123,208,347,200,22,32.25,47.85,52,97,49555,50383,31096,1730,67536,0,200449,-37.09741028000525
2019,4,Buenos Aires,714,2,669,87,18,4,5,30.77,64.25,33489,27537,1177446,262297,247106,452570,1465133,20676,3686254,34.27377220480668
2019,4,Capital Federal,197,1039,36,4,29,1,1,44.2,106.25,307,15,177098,110218,110852,205810,753805,0,1358105,65.36964980544747
2019,4,Catamarca,23,296,10,261,28,38,8,24.88,36.44,63,0,9945,7619,9305,804,7477,3098,38311,-65.7035294117647
2019,4,Chaco,49,54,736,449,32,118,3,23.37,36.84,83,0,25899,18959,30902,13516,21556,6988,117903,1.0976948408342637
2019,4,Chubut,47,1233,956,15,5,95,810,6.99,51.15,158,4,69405,12945,7615,1240,614,4121,96102,38.84364820846904
2019,4,Córdoba,297,410,475,38,418,807,55,26.16,70.48,142,0,232781,118232,109330,114111,221742,10350,806688,37.79081133919845
2019,4,Corrientes,53,52,605,2,52,114,3,19.26,38.77,72,0,35055,20620,27367,9981,15744,4995,113834,-44.991486946651534
2019,4,Entre Ríos,93,99,500,19,273,239,13,17.01,57.99,47,0,88203,44511,42962,18976,30153,14178,239030,49.57441320608717
2019,4,Formosa,22,9,1081,1197,169,47,0,13.62,30.47,1127,191,24606,6319,6788,1766,5671,243,46711,-47.456458010001725
2019,4,Jujuy,33,38,296,814,17,89,0,12.96,45.38,55,0,32920,9632,26764,102,5286,14122,88881,48.93337709222187
2019,4,La Pampa,15,57,859,11,576,90,252,6.53,76.92,293,313,76747,6900,1951,1287,1342,1566,90399,69.50198325253415
2019,4,La Rioja,14,35,11,251,29,49,18,8.0,47.14,21,0,37846,5045,4763,22,1305,0,49002,-38.715548621944876
2019,4,Mendoza,97,50,25,39,730,185,623,7.79,33.65,746,9,145139,12955,15237,2165,2628,6901,185780,-28.616885871871027
2019,4,Misiones,53,70,847,441,12,136,7,20.32,39.79,71,0,39664,20840,27305,15626,20799,11508,135813,18.246656760772662
2019,4,Neuquén,30,61,998,14,713,116,376,26.02,59.36,218,1,57370,4439,7357,12059,35001,0,116445,49.183211862276956
2019,4,Río Negro,50,38,1027,11,18,127,504,17.18,55.71,114,0,71847,2797,8558,6968,19837,17019,127140,-6.148921832884095
2019,4,Salta,63,76,153,306,1038,172,2,19.08,50.35,149,1,42159,67656,15369,14170,25821,7120,172445,-9.621252916891041
2019,4,San Juan,41,451,821,7,929,65,259,6.04,32.85,48,1,60626,1594,1292,40,127,1246,64974,-34.75670307845085
2019,4,San Luis,9,8,353,55,431,108,148,20.69,74.92,105,0,11901,4164,525,55216,3,36287,108201,128.0669710806697
2019,4,Santa Cruz,13,16,513,7,2,39,200,5.21,36.71,67,0,32368,4346,2224,7,8,350,39370,-51.001067805659375
2019,4,Santa Fe,312,382,27,27,20,769,150,20.55,69.48,698,0,230234,190664,113527,70998,135576,27472,769169,89.26722963770091
2019,4,Santiago Del Estero,25,71,200,3,5,104,1,9.79,42.92,133,908,34911,56309,3756,105,2449,5017,103588,-38.22682786413357
2019,4,Tierra Del Fuego,13,27,628,124,310,40,291,7.27,79.7,11,0,23593,5050,1848,139,1962,7789,40392,85.69431500465983
2019,4,Tucumán,147,11,119,192,348,199,23,29.87,47.65,55,0,54544,52017,28916,6405,56707,0,198644,-40.21329987452949
2019,3,Buenos Aires,757,2,425,86,27,4,10,25.68,69.36,238920,44648,1432722,222812,260505,483572,1246209,42294,3971683,45.56138509968521
2019,3,Capital Federal,300,1028,25,4,31,1,3,38.71,112.65,104,368,269704,120924,138011,258591,655108,0,1442810,62.413494809688586
2019,3,Catamarca,24,292,13,244,28,32,9,9.29,30.88,34,43,14449,9285,6333,72,15,2151,32381,-72.58766089658234
2019,3,Chaco,50,49,704,440,32,114,13,19.99,35.85,69,1216,32764,28198,13336,12987,16740,6917,112227,16.094559585492235
2019,3,Chubut,37,1209,952,15,8,87,2,6.97,47.57,74,840,62680,13033,7171,1240,614,4500,90152,32.691771269177124
2019,3,Córdoba,308,399,473,37,416,783,107,23.19,68.59,83,5824,240151,106651,118486,146247,157546,7353,782341,44.187513138532694
2019,3,Corrientes,53,50,556,2,52,113,10,16.7,38.49,10,597,42231,29628,10348,10388,12674,4780,110656,-43.88394809739029
2019,3,Entre Ríos,95,96,467,19,266,238,45,14.7,57.9,19,4446,99656,56161,17064,21216,22645,15107,236314,50.42868277474668
2019,3,Formosa,22,8,1032,1177,162,46,0,12.66,30.11,1110,349,24943,6049,7117,2262,4443,100,46373,-47.9965457685665
2019,3,Jujuy,33,36,274,812,17,87,1,11.97,44.32,27,885,31722,9240,26835,56,3671,16545,88981,47.19362338093657
2019,3,La Pampa,19,53,837,11,569,91,269,5.72,77.45,237,3289,75849,5922,1611,1359,941,1618,90826,74.75180505415163
2019,3,La Rioja,14,35,11,251,41,50,18,8.0,47.94,9,10,38657,4786,4887,22,1307,0,49678,-38.10200129115559
2019,3,Mendoza,149,54,7,39,718,223,633,6.11,40.74,21,1269,206821,2958,10093,1263,349,0,222774,-15.018773466833535
2019,3,Misiones,54,66,829,419,12,134,7,17.93,39.33,47,1928,43530,29375,11256,16107,16650,12206,131099,-3.4609720176730576
2019,3,Neuquén,43,60,998,14,698,123,370,23.75,64.14,45,2258,62909,4586,9597,16923,28458,122,124898,63.08161708619375
2019,3,Río Negro,67,37,1020,11,19,143,904,15.98,63.42,47,1234,87435,2348,9779,10176,15505,17719,144243,-1.1225444340505126
2019,3,Salta,66,74,149,292,1012,152,1,14.75,44.48,49,900,43160,62230,14309,11418,12357,7515,151938,-29.864396089561655
2019,3,San Juan,52,451,817,7,927,73,563,6.04,37.06,22,171,68315,2245,1267,41,128,4779,76968,-16.68165467625898
2019,3,San Luis,13,11,350,62,425,122,291,19.74,85.23,57,100,18643,5113,467,62242,5,36075,122702,129.9784133837021
2019,3,Santa Cruz,11,17,506,7,3,38,328,5.02,35.63,28,84,31612,4472,1203,27,4,0,37430,-58.195471078258834
2019,3,Santa Fe,319,377,19,24,21,761,228,18.17,68.87,640,8183,242454,193286,107068,84325,97082,19537,752576,93.29216952006736
2019,3,Santiago Del Estero,25,71,219,3,34,133,2,9.39,55.3,39,1832,35554,55172,3612,86,1836,34501,132632,-19.7037897488021
2019,3,Tierra Del Fuego,20,27,651,124,295,48,544,6.69,96.46,6,14,32133,4692,1756,82,226,9648,48557,74.43037974683544
2019,3,Tucumán,151,12,116,177,324,164,32,19.32,39.49,16,110,71043,47693,24354,843,20385,0,164444,-59.06075057018453
2019,2,Buenos Aires,803,2,383,75,33,4,10,22.48,67.85,199768,46852,1436259,217785,438663,502275,985767,43438,3870807,71.81564953152694
2019,2,Capital Federal,310,1018,36,4,4,1,3,30.35,110.55,74,1027,281370,124087,239691,296155,475991,0,1418395,62.93294030950627
2019,2,Catamarca,26,287,13,146,29,34,9,8.81,32.13,34,43,16631,8670,6049,34,10,2151,33622,-70.93622795115331
2019,2,Chaco,51,47,673,430,33,109,13,16.01,34.14,69,1383,38488,26431,16789,15348,9904,1492,109904,6.255835667600366
2019,2,Chubut,37,1187,948,14,8,86,2,6.05,46.99,66,3952,69032,10049,1495,74,165,4500,89333,37.63913298183949
2019,2,Córdoba,315,388,471,34,414,775,105,18.43,68.07,81,8164,248427,100512,157458,170159,76053,8938,769793,44.86060864013618
2019,2,Corrientes,54,47,510,2,52,112,10,13.83,38.16,10,3012,40424,27774,13114,11928,7119,6080,109461,-43.940061701189954
2019,2,Entre Ríos,97,91,436,17,260,236,44,12.19,57.48,18,5905,100687,52316,23196,24221,10664,17206,234213,50.62893081761006
2019,2,Formosa,22,9,985,1158,162,46,1,11.77,30.42,1110,349,26512,5399,8384,2639,2258,100,46751,-47.077244258872646
2019,2,Jujuy,33,31,274,812,22,87,1,12.07,44.51,27,940,26233,8441,26700,27,2600,21765,86733,46.31821170282707
2019,2,La Pampa,19,52,816,11,562,90,268,5.49,77.08,236,3289,75406,5191,1366,1445,629,2661,90223,73.17456751291846
2019,2,La Rioja,15,35,11,251,41,50,18,7.89,48.7,9,11,39819,4297,4857,13,1298,0,50304,-36.81888946549039
2019,2,Mendoza,149,54,7,39,707,223,643,6.03,40.75,20,2522,205165,2971,10092,1256,234,0,222260,-16.32443531827516
2019,2,Misiones,55,64,543,421,12,133,7,14.5,39.15,47,2226,45769,27385,15408,18882,8129,12206,130051,-3.926380368098163
2019,2,Neuquén,43,59,998,13,683,121,364,17.24,63.08,302,3038,61776,4688,17318,21210,14132,422,122886,61.12388250319285
2019,2,Río Negro,68,37,1013,10,20,138,915,11.63,61.09,384,1354,86366,2201,10291,12407,6907,18519,138429,-3.1547241597970754
2019,2,Salta,69,62,146,278,986,143,1,12.55,41.89,49,974,59638,36923,16961,14059,6461,7585,142650,-31.429039122605996
2019,2,San Juan,52,451,812,3,926,69,564,6.12,35.6,22,213,60913,2177,785,7,4,6119,70240,-15.015516829792311
2019,2,San Luis,11,10,347,57,419,117,291,19.88,81.79,57,102,16575,4964,467,57236,5,37977,117383,129.74719101123597
2019,2,Santa Cruz,11,10,499,7,3,30,325,6.01,28.85,25,84,24861,3806,1202,28,4,0,30010,-64.7267392101724
2019,2,Santa Fe,325,355,18,22,23,743,226,15.07,67.42,321,8427,300124,125176,129741,100131,49865,22323,736108,133.69150779896012
2019,2,Santiago Del Estero,24,65,219,3,35,127,2,7.1,52.79,39,1832,63268,21362,3741,108,1205,34501,126056,-21.699792346484724
2019,2,Tierra Del Fuego,20,26,651,124,280,47,544,6.34,94.8,6,123,41824,4241,1573,96,32,0,47895,79.57946580791815
2019,2,Tucumán,153,12,116,164,321,166,32,18.53,40.14,16,157,78891,44296,24291,628,18394,0,166673,-57.65822784810126
2019,1,Buenos Aires,852,2,336,65,20,4,10,19.64,66.24,162513,72296,1429964,202511,576428,576859,705769,6369,3732709,65.02242152466367
2019,1,Capital Federal,328,1008,32,4,4,1,3,24.72,109.2,74,7417,283787,131007,330122,365713,283463,0,1401583,64.85507246376814
2019,1,Catamarca,27,283,16,132,29,34,9,7.96,32.19,34,1708,18761,6443,5606,29,7,2151,34739,-70.52197802197803
2019,1,Chaco,53,44,643,422,34,104,13,13.44,32.64,69,3801,38719,25632,18965,12393,6368,1035,106982,1.3979496738117518
2019,1,Chubut,37,1164,944,14,3,78,2,5.89,43.0,66,3938,71077,6571,787,74,165,0,82678,31.74019607843137
2019,1,Córdoba,323,364,468,25,412,744,105,15.73,65.52,81,20403,242769,96997,200681,127965,50716,6806,746418,52.37209302325581
2019,1,Corrientes,56,43,469,2,58,102,10,12.05,35.13,10,6470,38402,26562,15498,9688,5029,0,101659,-46.382783882783876
2019,1,Entre Ríos,101,90,408,16,253,232,44,10.66,56.79,18,9217,107013,50068,28957,18146,7619,12142,233180,61.65670367207513
2019,1,Formosa,23,8,940,1138,62,45,1,10.95,29.68,1110,3023,23085,5301,9027,2099,1654,0,45299,-47.73727768973411
2019,1,Jujuy,33,12,153,640,44,90,1,8.56,46.41,27,2817,30727,7811,4021,30,1141,37162,83736,56.36792452830187
2019,1,La Pampa,19,57,795,9,556,89,268,5.06,76.35,236,8327,70538,4466,1061,1354,405,698,87085,64.51195862960569
2019,1,La Rioja,16,35,12,252,41,52,18,7.09,50.18,9,1169,40285,4088,5216,17,869,0,51653,-34.27635887360837
2019,1,Mendoza,149,40,6,39,696,205,653,5.74,37.66,20,1786,205383,2837,5702,111,140,0,215979,-24.95017935432444
2019,1,Misiones,55,59,465,426,8,123,7,12.51,36.26,47,5946,45266,25890,19111,16552,5167,7654,125633,-3.7174721189591047
2019,1,Neuquén,41,56,998,13,668,112,359,15.88,58.88,1328,3055,52360,1781,21452,17135,11026,6105,114242,62.382790954219544
2019,1,Río Negro,68,34,1006,10,5,120,915,10.49,53.57,384,1583,84845,2037,13615,9567,5076,3719,120826,-9.018342391304351
2019,1,Salta,74,58,142,265,962,136,1,10.38,40.1,49,4232,59244,36473,22910,10861,2242,1,136012,-25.14467052454732
2019,1,San Juan,52,451,808,3,925,62,564,5.84,31.83,22,229,62380,266,520,3,2,560,63982,-20.623441396508735
2019,1,San Luis,11,8,378,53,414,96,291,8.71,67.34,57,120,21380,53214,345,6,2,23577,98701,111.56142004398369
2019,1,Santa Cruz,11,5,492,7,3,25,325,5.78,23.67,25,128,21990,2731,702,26,4,0,25606,-64.85001485001484
2019,1,Santa Fe,340,340,16,23,18,737,227,12.99,66.97,333,29350,296798,122959,153212,74575,36502,18591,732320,182.93198141106885
2019,1,Santiago Del Estero,25,62,186,3,99,90,2,6.42,37.52,39,3372,62895,20691,3959,85,494,0,91535,-43.97491414065999
2019,1,Tierra Del Fuego,20,24,499,124,267,46,544,6.34,93.38,6,131,38851,3623,641,80,29,0,43361,148.88059701492534
2019,1,Tucumán,159,12,118,151,321,172,32,16.57,41.63,16,5188,82240,42877,26210,847,14839,0,172217,-55.418719211822655
2018,4,Buenos Aires,904,2,296,65,20,4,10,16.93,64.6,134673,73761,1422463,194426,577679,949093,265386,19125,3636606,55.17655536872446
2018,4,Capital Federal,328,998,33,4,4,1,3,22.94,108.27,74,7388,283281,143309,330496,437662,186810,0,1389020,67.60061919504645
2018,4,Catamarca,27,279,16,120,30,34,9,8.04,32.23,34,1669,17955,6425,5461,29,7,2003,33583,-70.23182783781287
2018,4,Chaco,53,44,615,413,34,103,13,13.49,32.59,69,3405,36437,25633,18965,12393,6368,0,103270,1.1169717654359497
2018,4,Chubut,37,1142,940,14,3,77,2,6.09,42.61,66,3917,66061,6215,531,623,165,1144,78722,30.745627493096027
2018,4,Córdoba,329,356,466,22,409,737,105,15.81,65.09,81,24102,228475,97277,201639,128053,48809,8903,737339,52.75756864585779
2018,4,Corrientes,56,42,430,2,30,101,10,12.14,34.57,10,6438,37376,26562,15498,9688,5029,0,100601,-46.88892302965125
2018,4,Entre Ríos,101,86,381,15,247,222,44,11.02,54.37,18,8769,94780,50027,29002,18146,7612,13693,222047,57.27509401214925
2018,4,Formosa,23,8,887,1119,57,45,1,10.18,29.74,1110,3074,22962,5285,9027,2092,1654,0,45204,-45.30071730733861
2018,4,Jujuy,33,12,153,640,44,90,1,8.56,46.53,27,2803,30727,7811,4021,30,1141,43573,90133,56.45595158036316
2018,4,La Pampa,19,55,775,8,549,85,268,4.32,73.49,241,7727,70508,3661,978,1328,270,923,85636,57.94111326026218
2018,4,La Rioja,16,35,12,252,36,52,18,7.09,50.35,9,1164,40285,4088,5216,17,869,3,51651,-31.48727718056878
2018,4,Mendoza,149,40,6,39,684,205,663,5.75,37.76,20,1463,197450,2494,4726,19,132,0,206304,-25.00496524329693
2018,4,Misiones,56,54,465,426,6,116,7,12.5,34.45,47,5981,43267,26019,19226,16566,5167,0,116273,-8.765889830508462
2018,4,Neuquén,41,56,998,12,654,112,353,15.89,59.07,1328,3044,52313,1781,21452,17135,11025,6287,114365,71.46589259796806
2018,4,Río Negro,68,34,1000,8,5,116,915,10.49,51.86,384,1225,83412,643,13440,9569,5070,3094,116837,-12.205857457254107
2018,4,Salta,74,58,139,253,937,135,1,10.46,39.8,49,3659,58492,36365,22910,10861,2242,0,134578,-23.25491708445816
2018,4,San Juan,52,451,806,3,923,62,564,5.72,31.9,22,1465,59811,180,312,1,1,606,62398,-19.849246231155774
2018,4,San Luis,11,8,378,53,408,96,291,8.82,67.55,57,109,19164,53183,119,62,2,23635,96331,111.75548589341693
2018,4,Santa Cruz,11,5,485,6,3,24,325,5.12,23.69,25,115,23107,779,206,1,4,531,24768,-64.9296817172465
2018,4,Santa Fe,336,323,14,19,29,720,229,13.18,65.59,335,31397,276301,121009,152039,74432,36427,28450,720390,176.86787674124105
2018,4,Santiago Del Estero,25,61,158,3,81,89,2,6.31,37.4,39,3250,61347,20127,3686,77,483,326,89335,-42.97911266961428
2018,4,Tierra Del Fuego,20,23,518,124,254,46,544,7.44,93.59,6,27,29919,6323,9894,24,67,0,46260,150.24064171122998
2018,4,Tucumán,159,12,119,140,314,172,32,16.58,41.76,16,5244,82089,42766,26111,847,14839,92,172004,-55.37984827438829
2018,3,Buenos Aires,959,2,156,62,26,4,11,16.78,64.44,991,80459,1445733,190805,636090,897964,237248,120464,3609754,54.310344827586206
2018,3,Capital Federal,334,988,36,4,9,1,7,21.64,108.45,73,8493,287919,147253,370677,415020,165055,0,1394490,68.29608938547487
2018,3,Catamarca,28,275,15,109,31,34,11,7.81,32.92,34,1994,18475,6358,5320,34,7,2151,34373,-69.64499769479022
2018,3,Chaco,54,42,588,404,35,102,12,12.89,32.28,70,3503,38729,24916,20335,11085,5667,1035,105340,-1.944106925880925
2018,3,Chubut,59,1120,936,14,7,101,2,6.08,56.39,67,3951,91096,6162,531,623,164,0,102594,74.69021065675341
2018,3,Córdoba,338,342,464,19,407,726,94,14.82,64.24,81,24767,224471,96372,221984,109333,39854,6490,723352,13.920907962404671
2018,3,Corrientes,56,41,395,1,32,99,11,11.49,34.25,11,6754,38364,24953,16601,8357,4419,0,99459,-46.684308841843084
2018,3,Entre Ríos,103,84,356,15,241,205,48,10.52,50.22,18,9048,96095,45651,31353,15111,6786,0,204062,46.62773722627737
2018,3,Formosa,23,8,817,1101,57,45,2,9.46,29.58,1110,3365,22624,5259,9336,1729,1434,0,44857,-41.09916367980884
2018,3,Jujuy,33,11,132,641,43,45,1,7.67,23.26,345,3020,29048,7756,4066,39,623,0,44897,-21.365787694388093
2018,3,La Pampa,12,55,755,7,542,83,244,4.28,71.75,242,8417,68507,3153,920,1189,216,698,83342,208.46947549441097
2018,3,La Rioja,17,35,13,253,35,52,17,6.16,50.73,9,1291,40647,4138,5425,20,339,0,51869,-29.296167247386762
2018,3,Mendoza,151,40,6,39,673,206,673,5.79,37.99,20,1525,199297,2476,4727,27,129,0,208201,-25.113345160654436
2018,3,Misiones,56,51,512,391,56,108,7,12.49,32.1,48,5749,39617,24747,21212,14674,4547,0,110594,-15.504080021058172
2018,3,Neuquén,47,54,998,12,639,115,347,14.67,60.49,1396,2244,55822,1647,23785,15218,9718,6105,115935,88.4423676012461
2018,3,Río Negro,69,33,993,5,5,112,1,10.06,50.54,409,5221,75929,512,14912,8470,4332,3719,113504,-16.448999834683423
2018,3,Salta,77,54,136,234,914,133,1,9.27,39.43,116,3721,61795,32782,25582,9224,502,0,133722,-21.982588049070042
2018,3,San Juan,54,451,826,3,922,64,658,5.74,33.05,22,1326,62525,180,312,3,1,0,64369,-16.180573167638858
2018,3,San Luis,11,8,368,53,402,74,300,8.81,52.35,57,109,19170,52940,119,63,2,1902,74362,58.39636913767021
2018,3,Santa Cruz,19,5,479,6,4,34,434,5.37,32.73,26,116,32815,778,206,1,3,0,33945,-37.478510028653304
2018,3,Santa Fe,339,313,12,16,15,695,217,12.36,63.41,467,36786,269211,115907,162545,62479,31266,13911,692572,93.73663305835626
2018,3,Santiago Del Estero,26,59,134,2,81,86,2,5.78,36.25,41,2550,60260,19116,3806,64,265,0,86102,-42.832360826368074
2018,3,Tierra Del Fuego,19,23,537,124,241,45,508,5.99,92.77,6,187,41569,2270,231,24,13,0,44300,155.91724137931033
2018,3,Tucumán,161,9,110,129,315,171,31,15.26,41.68,16,5993,81559,43282,27062,941,12187,0,171040,-55.071682656031044
2018,2,Buenos Aires,1017,2,144,71,28,3,11,14.68,62.78,1008,81354,1459443,295457,816056,536049,199589,113357,3502314,50.62380038387716
2018,2,Capital Federal,342,978,36,4,9,1,7,18.94,106.53,73,9234,290291,219166,445345,264805,142253,0,1371167,69.68779866199426
2018,2,Catamarca,27,271,15,98,31,34,11,7.69,32.86,34,2414,14624,6112,4347,36,6,6500,34073,-69.15422885572139
2018,2,Chaco,54,41,562,396,36,99,12,12.5,31.25,70,2968,34167,24282,21887,9251,4630,1035,98290,-4.899573950091295
2018,2,Chubut,59,1099,932,14,7,98,2,5.33,54.9,67,4471,85598,5369,4,5,9,5010,100533,75.67999999999999
2018,2,Córdoba,345,328,462,16,405,713,94,13.88,63.27,81,21779,219630,102596,244291,78852,34950,8109,710289,15.24590163934427
2018,2,Corrientes,57,40,363,1,32,98,11,10.88,33.81,11,7047,38268,24066,17926,6780,3862,0,97960,-46.562351825509715
2018,2,Entre Ríos,105,80,333,12,235,200,48,10.19,49.2,18,8179,94459,44570,34281,12012,5920,0,199439,45.51907719609583
2018,2,Formosa,24,7,762,1082,57,45,2,8.8,29.43,1110,3568,22409,5176,9727,1313,1243,0,44546,-40.1829268292683
2018,2,Jujuy,34,11,113,640,43,45,1,6.29,23.43,345,3320,29319,8083,3977,44,7,0,45095,-20.387359836901123
2018,2,La Pampa,12,54,736,7,536,82,244,4.1,71.04,244,8797,68083,2409,965,969,179,698,82344,203.20102432778492
2018,2,La Rioja,17,35,13,253,35,52,17,5.59,50.98,9,1384,40679,4198,5640,20,15,0,51945,-28.237612612612622
2018,2,Mendoza,153,37,3,39,663,199,684,5.88,36.97,20,1658,164596,515,266,17,72,33788,200932,-27.48136524127108
2018,2,Misiones,57,48,512,391,56,106,7,11.76,31.63,48,6092,39489,23569,23747,11888,3866,0,108699,-14.444143900459833
2018,2,Neuquén,47,53,998,13,626,114,342,13.37,60.24,1396,2408,56035,1314,26417,12442,8551,6105,114668,90.45210243439774
2018,2,Río Negro,69,33,987,4,5,111,1,9.51,50.15,409,5298,75056,523,16480,6663,3725,3975,112129,-16.74966799468792
2018,2,Salta,78,53,133,234,891,134,1,8.93,39.94,116,3990,61763,33285,28431,7239,182,0,135006,-20.358923230309074
2018,2,San Juan,54,451,826,3,920,63,658,5.85,32.95,22,1378,57591,11,0,3,0,5068,64072,-17.501251877816713
2018,2,San Luis,11,8,368,16,397,21,300,5.9,15.15,57,101,11992,11,0,7,2,9284,21454,-54.02124430955995
2018,2,Santa Cruz,19,4,472,7,4,34,435,5.19,33.33,26,120,28600,655,100,1,3,4267,33772,120.0
2018,2,Santa Fe,338,304,11,16,15,684,309,11.75,62.57,744,34267,262603,112143,175540,50525,26512,22257,684591,87.72877287728774
2018,2,Santiago Del Estero,26,56,114,2,81,84,2,5.91,35.26,41,2717,41362,18721,3278,31,31,17589,83770,-43.647115230941345
2018,2,Tierra Del Fuego,19,23,557,124,229,44,508,5.94,91.61,6,188,40912,2217,75,0,0,107,43505,159.81281905842314
2018,2,Tucumán,160,9,110,119,315,170,31,13.51,41.51,16,6735,79899,44968,27059,1084,8784,1305,169850,-54.68835279991268
2018,1,Buenos Aires,1079,2,134,64,31,3,11,14.2,62.63,1514,74766,1445752,292732,886678,480237,184203,105818,3471700,50.87930619127923
2018,1,Capital Federal,350,968,36,3,9,1,7,17.75,106.24,89,10039,292566,222737,487826,227953,127384,0,1368594,69.63116717228164
2018,1,Catamarca,27,267,15,89,32,34,11,8.2,32.79,34,2896,14770,6145,3539,41,4,6500,33929,-69.13591867469879
2018,1,Chaco,55,40,383,388,37,97,12,12.44,30.83,70,3261,32516,24488,23296,8219,3897,1035,96782,-5.977432143946328
2018,1,Chubut,56,1078,928,14,7,96,2,5.42,53.72,67,4314,83161,5358,4,5,9,5010,97928,74.2458644177749
2018,1,Córdoba,349,327,459,13,403,714,101,12.79,63.52,281,23922,222815,104300,266259,57137,29228,10049,713991,18.242740134028303
2018,1,Corrientes,57,35,333,1,33,94,11,11.12,32.66,11,5005,37152,24038,19068,5890,3256,0,94420,-48.583123425692705
2018,1,Entre Ríos,107,76,311,11,229,197,48,9.88,48.68,18,8861,90080,45599,37401,9818,5071,0,196848,49.05082669932641
2018,1,Formosa,24,7,710,1064,57,32,3,8.18,21.4,1110,3803,10092,5117,10061,1091,1046,0,32320,-56.039441248972885
2018,1,Jujuy,34,10,97,614,43,44,1,6.74,23.12,345,4807,27219,8044,3925,49,4,0,44393,8.037383177570105
2018,1,La Pampa,11,51,718,11,530,83,396,4.0,71.75,245,8119,67104,1616,1076,614,98,3503,82375,210.3373702422145
2018,1,La Rioja,17,35,13,253,35,52,17,5.89,51.44,9,1485,40680,4217,5831,19,1,0,52242,-28.306620209059236
2018,1,Mendoza,153,37,3,39,652,199,695,5.88,37.07,20,1662,164599,501,266,19,72,33788,200927,-27.935458786936234
2018,1,Misiones,56,47,473,5,56,104,7,12.08,30.96,48,4700,35820,23291,26223,10241,3219,0,103542,-16.482330725654165
2018,1,Neuquén,47,55,998,12,612,116,337,11.96,61.52,1396,2367,59468,1311,29012,9709,7378,6105,116746,98.70801033591732
2018,1,Río Negro,69,32,980,4,5,110,1,8.98,49.82,409,5333,74894,530,17997,4972,3129,3975,111239,-19.018205461638495
2018,1,Salta,80,52,130,204,868,133,1,9.19,39.78,116,4459,60334,33088,30771,5145,88,0,134001,-20.152549177037333
2018,1,San Juan,54,451,826,2,919,63,658,5.85,32.61,22,1058,57078,11,0,3,0,5068,63240,-18.024132730015086
2018,1,San Luis,11,8,368,16,391,21,300,5.89,15.15,57,101,11920,11,0,7,2,9284,21382,-53.54185832566698
2018,1,Santa Cruz,19,4,465,7,3,34,435,5.19,33.55,26,120,28600,655,100,1,3,4267,33772,121.45214521452144
2018,1,Santa Fe,342,300,11,12,15,680,309,11.17,62.28,1359,33639,262007,108576,188900,39589,22801,23181,680053,85.63338301043221
2018,1,Santiago Del Estero,27,55,97,1,81,83,2,6.25,34.99,41,2910,41298,18914,3449,33,2,17589,84236,-43.81824020552344
2018,1,Tierra Del Fuego,19,10,578,124,218,31,508,5.77,65.2,6,307,33987,2,0,0,0,107,34409,86.33895398685338
2018,1,Tucumán,159,9,107,110,303,168,31,9.36,41.18,16,7472,78811,45675,26405,1218,7082,1305,167984,-36.84049079754602
2017,4,Buenos Aires,1144,2,131,60,31,3,11,12.97,57.61,3865,55046,1551194,264645,712513,335140,151747,114182,3188332,39.89800874210782
2017,4,Capital Federal,571,962,36,3,10,2,7,15.2,122.9,314,31411,517018,284040,458120,178396,114939,0,1584238,113.33101892032636
2017,4,Catamarca,27,263,11,81,33,30,10,7.78,28.62,34,3182,15315,5904,2927,43,2,2151,29558,-76.71277461350692
2017,4,Chaco,55,40,389,380,37,97,12,11.7,30.81,70,3432,37144,24088,20123,7290,3289,1035,96471,7.651991614255757
2017,4,Chubut,56,1058,924,14,7,91,2,5.41,51.46,67,4313,83676,5355,7,5,9,0,93432,67.0236936059721
2017,4,Córdoba,350,325,457,12,401,710,105,11.64,63.33,291,25411,280837,102892,217602,40898,24251,8429,700611,23.066459385930816
2017,4,Corrientes,57,35,306,1,35,94,11,10.38,32.52,11,5220,41080,23686,16046,5053,2675,0,93771,-48.64992894362861
2017,4,Entre Ríos,108,74,291,10,224,194,49,9.3,47.89,1685,9078,95466,45189,30010,7958,4113,0,193499,47.26322263222631
2017,4,Formosa,23,7,662,1046,51,32,4,7.6,21.27,1110,4061,13220,4867,6996,977,824,0,32055,-55.585717268740865
2017,4,Jujuy,34,10,84,590,34,44,1,6.64,22.74,345,5364,26566,7721,3507,44,3,0,43550,6.911142454160784
2017,4,La Pampa,11,50,699,11,523,82,396,3.98,71.05,310,8729,66053,1227,792,391,81,3503,81086,212.44503078276168
2017,4,La Rioja,17,35,14,253,31,52,17,5.88,51.57,9,1488,40777,4083,5813,22,3,0,52195,-27.417311752287116
2017,4,Mendoza,153,16,3,39,642,179,706,5.71,33.33,26,1656,177646,438,278,29,81,0,180154,-35.369400814426996
2017,4,Misiones,56,47,436,5,54,104,7,11.32,31.14,1053,3900,41723,23131,22262,9091,2735,0,103895,-6.570657065706564
2017,4,Neuquén,47,54,998,12,599,115,331,10.72,61.24,1396,2372,68036,1325,22781,7528,6300,6105,115843,96.660244059088
2017,4,Río Negro,69,30,974,4,5,109,1,8.05,49.38,409,5598,81078,485,12502,3447,2440,3719,109678,-19.366427171783148
2017,4,Salta,81,50,127,158,846,133,1,8.45,39.8,636,4275,73284,32842,18968,3559,84,0,133648,-19.400567031186725
2017,4,San Juan,54,451,812,2,918,58,659,5.83,30.3,22,1062,57525,9,0,2,2,0,58622,-23.869346733668333
2017,4,San Luis,11,1,335,17,386,15,300,5.73,10.59,59,101,12822,8,0,1,7,1902,14900,-65.04950495049505
2017,4,Santa Cruz,19,2,459,5,4,29,434,5.21,28.91,68,78,29073,655,100,1,3,0,29978,172.99338999055715
2017,4,Santa Fe,342,294,11,11,15,672,323,10.3,61.71,3109,34132,309998,108939,151329,30736,19602,14119,671964,113.4555517122103
2017,4,Santiago Del Estero,27,40,83,1,80,69,2,6.17,29.13,41,3091,43544,18773,3359,32,2,0,68842,-52.79533300923674
2017,4,Tierra Del Fuego,19,7,600,124,207,28,508,5.2,59.89,6,310,31334,2,0,0,0,0,31652,105.59560590456576
2017,4,Tucumán,157,5,105,102,291,162,34,9.11,39.9,105,8164,78750,45241,24318,1303,4367,0,162248,-33.37785940891635
2017,3,Buenos Aires,1213,2,125,35,39,3,11,8.43,55.63,6577,51411,1733479,311652,676137,140812,108400,0,3028468,39.42355889724312
2017,3,Capital Federal,583,941,33,3,10,2,7,10.64,121.86,283,33924,590689,311411,426300,120675,91917,0,1575199,119.05446701420095
2017,3,Catamarca,27,259,12,73,33,33,11,5.26,32.49,52,3204,15383,5758,2563,50,1,0,27011,-73.33825701624815
2017,3,Chaco,55,37,456,372,38,94,12,8.48,29.98,95,3496,40059,23008,20307,3827,2004,0,92796,-7.725453985841801
2017,3,Chubut,56,1038,920,14,7,81,2,3.48,46.22,436,3989,71843,2336,3,0,0,0,78607,54.169446297531685
2017,3,Córdoba,345,319,455,7,399,697,108,9.12,62.31,327,26154,309161,100113,189302,38131,16741,0,679929,34.811769796624844
2017,3,Corrientes,56,34,281,1,27,93,12,7.45,32.17,24,5629,44305,22785,15576,2635,1607,0,92561,-48.37104798587706
2017,3,Entre Ríos,108,70,272,6,218,185,50,6.99,45.96,1691,7545,98032,42947,29011,3878,2397,0,185501,42.8660242461921
2017,3,Formosa,23,7,617,1029,12,32,5,7.07,21.35,1063,3716,13752,5187,6056,899,459,0,31132,-53.546562228024364
2017,3,Jujuy,34,9,72,566,8,43,1,4.69,22.65,337,5723,26835,7369,2962,41,2,0,43269,6.088992974238862
2017,3,La Pampa,11,50,682,12,517,79,410,3.44,69.14,343,8244,64794,855,588,327,51,0,75202,205.25386313465788
2017,3,La Rioja,17,35,14,252,25,52,17,5.01,51.47,16,1497,40882,3899,5604,23,3,0,51924,-25.556841191784784
2017,3,Mendoza,154,34,3,29,631,191,717,3.51,35.7,32,95,158461,115,67,29,19,0,158818,-30.63920730522634
2017,3,Misiones,56,44,403,5,9,100,7,8.43,30.21,1058,4123,42900,22808,23913,3843,1881,0,100526,-15.378151260504206
2017,3,Neuquén,48,52,998,12,586,114,326,8.17,60.83,2036,1457,72532,1034,20213,7067,4937,0,109276,101.35716650115853
2017,3,Río Negro,69,30,967,3,4,106,1,5.49,48.52,422,5641,83900,306,10116,2965,1659,0,105009,-20.23672530001643
2017,3,Salta,81,50,127,158,825,133,1,6.13,39.84,645,4494,78830,32433,14620,2315,63,0,133400,-17.889530090684254
2017,3,San Juan,54,451,816,1,916,62,660,3.45,32.37,31,1077,57582,1,0,2,2,0,58695,-18.750000000000014
2017,3,San Luis,11,8,347,26,380,21,311,3.5,15.48,63,3,12325,7,0,1,7,0,12406,-52.177942539388326
2017,3,Santa Cruz,19,5,453,5,3,33,468,3.61,33.29,188,23,29102,542,66,33,1,0,29955,115.05167958656331
2017,3,Santa Fe,323,291,6,5,37,662,256,7.79,60.91,3116,34019,320017,104453,125339,24536,12982,0,624462,82.96785821568038
2017,3,Santiago Del Estero,28,54,70,1,35,83,2,5.18,35.12,69,3288,40435,18489,3047,30,2,0,65360,-42.34115908717781
2017,3,Tierra Del Fuego,22,7,622,124,197,31,583,3.48,65.74,9,297,33858,0,0,0,0,0,34164,87.1867881548975
2017,3,Tucumán,154,6,106,94,279,161,33,6.39,39.7,109,8948,83070,45302,20514,1361,655,0,159959,-39.610587161545475
2017,2,Buenos Aires,1286,2,119,22,24,3,11,7.2,56.27,7548,47472,1910156,299009,573298,93059,46178,0,2976720,41.73803526448363
2017,2,Capital Federal,615,932,39,3,11,2,8,8.84,124.06,556,35663,726223,304970,378571,80234,37977,0,1564194,120.47272081037852
2017,2,Catamarca,26,255,14,66,34,27,13,5.1,25.98,15,3318,15655,5325,2342,47,1,0,26703,-79.05852007093341
2017,2,Chaco,54,36,458,364,39,91,14,7.69,29.05,191,3733,42590,22349,18044,3157,545,0,90609,11.816782140107776
2017,2,Chubut,44,1018,916,13,5,62,2,3.45,35.55,403,4186,73760,1880,0,0,0,0,80229,22.37521514629947
2017,2,Córdoba,342,303,452,6,396,658,133,7.42,58.97,251,26862,370865,88479,146683,20351,5069,0,658560,65.8790436005626
2017,2,Corrientes,55,33,258,1,31,90,12,6.79,31.39,15,5912,46483,21776,13043,2218,647,0,90094,-46.76954383584874
2017,2,Entre Ríos,108,68,254,6,213,183,57,6.29,45.39,1680,7944,104422,41800,23524,2604,823,0,182797,44.60019114367633
2017,2,Formosa,22,6,576,1012,13,30,6,6.18,19.97,1486,3419,14787,4795,4583,749,139,0,29958,-56.003525005507825
2017,2,Jujuy,34,9,62,544,35,43,1,4.54,22.4,311,5877,26915,6974,2538,42,1,0,42658,12.168252378567852
2017,2,La Pampa,13,48,664,6,511,73,449,3.32,63.49,356,8633,59045,558,336,244,21,0,69193,183.43750000000003
2017,2,La Rioja,16,0,15,238,28,16,18,5.53,16.2,9,1554,9304,3599,1796,24,2,0,16288,-74.48417073554891
2017,2,Mendoza,153,13,3,27,621,169,728,3.51,31.76,109,24,177203,92,50,5,22,0,177505,96.04938271604941
2017,2,Misiones,57,43,372,5,9,100,7,7.6,30.09,1010,4447,47244,22033,21599,2892,570,0,99796,-5.2581863979848915
2017,2,Neuquén,52,50,998,12,573,115,321,6.7,61.91,1542,1395,81272,849,18051,4774,1703,0,109586,105.74941841143234
2017,2,Río Negro,67,29,961,3,1,101,998,4.74,46.02,973,5606,88085,245,7990,1921,559,0,105379,-25.66628977548053
2017,2,Salta,80,27,115,158,804,109,1,5.76,32.74,594,4719,67576,23185,11333,1068,76,0,108551,-28.857018687527162
2017,2,San Juan,49,451,772,1,915,51,620,3.49,26.96,15,193,58588,0,0,0,4,0,58800,-17.654245571166772
2017,2,San Luis,11,1,354,26,375,13,315,3.5,9.51,8,4,14014,0,0,1,2,0,14029,-64.72551928783383
2017,2,Santa Cruz,15,3,446,5,2,26,369,3.6,26.25,188,24,30913,541,66,33,0,0,31765,176.02523659305996
2017,2,Santa Fe,330,228,3,5,1,567,362,6.84,52.27,4967,38721,311830,92854,97563,16794,4275,0,567004,99.12380952380954
2017,2,Santiago Del Estero,28,4,60,1,29,33,2,5.06,14.12,26,3539,20384,6432,2802,16,0,0,33199,-72.98641668260953
2017,2,Tierra Del Fuego,23,7,665,124,188,32,619,3.48,68.46,16,285,35409,0,0,0,0,0,35710,384.8441926345609
2017,2,Tucumán,149,5,116,86,269,154,37,6.09,38.19,96,9236,83342,42536,17788,1371,21,0,154390,-44.21560035056967
2017,1,Buenos Aires,1364,1,119,21,24,3,11,6.68,58.57,6017,83918,2057697,402315,523539,90937,22299,0,3186724,53.36475517151088
2017,1,Capital Federal,429,918,38,3,11,1,8,8.35,108.37,510,1409,678922,218487,277195,66536,19881,0,1262940,85.02646406009904
2017,1,Catamarca,26,248,14,60,34,26,13,4.97,25.66,15,3328,15861,4901,2161,49,0,0,26315,-76.32186029343914
2017,1,Chaco,54,34,252,357,39,89,14,7.31,28.62,191,3835,44544,21467,15671,3025,314,0,89047,11.535463756819956
2017,1,Chubut,44,999,916,13,5,62,2,3.44,35.66,401,4182,73759,1808,0,0,0,0,80150,24.59818308874911
2017,1,Córdoba,336,293,450,6,394,641,133,6.8,57.65,50,28732,391556,82011,118643,19035,2071,0,642098,61.66573191250703
2017,1,Corrientes,55,32,236,1,31,89,12,6.43,30.94,15,6040,48149,20586,11468,2044,303,0,88605,-46.33130962705984
2017,1,Entre Ríos,109,65,230,6,208,180,57,5.95,44.91,1680,8080,108379,39146,20562,2254,317,0,180418,45.15190691661278
2017,1,Formosa,22,6,537,995,13,30,8,5.74,19.84,1535,3538,15473,4446,4058,635,22,0,29707,-55.822756624359826
2017,1,Jujuy,34,9,53,522,34,43,1,4.39,22.76,330,6213,27824,6486,2306,44,0,0,43203,14.71774193548388
2017,1,La Pampa,13,47,648,6,517,71,455,3.22,62.67,362,9279,57739,331,192,165,11,0,68079,175.35149384885761
2017,1,La Rioja,16,0,15,224,28,16,18,5.43,16.2,9,1578,9486,3409,1718,22,2,0,16224,-74.15031115366205
2017,1,Mendoza,153,13,3,27,611,169,739,3.51,31.84,106,15,177201,86,50,5,22,0,177485,96.54320987654322
2017,1,Misiones,57,40,343,5,8,98,7,7.34,29.52,1010,4665,45950,23847,19356,2627,166,0,97621,-7.286432160804021
2017,1,Neuquén,52,48,998,12,561,113,316,6.03,61.02,1547,1418,83813,902,15130,4223,458,0,107491,106.70731707317074
2017,1,Río Negro,67,29,954,3,1,100,1,4.45,46.03,986,5647,89622,246,6738,1594,200,0,105033,-24.565716158636512
2017,1,Salta,80,27,114,158,679,108,1,5.34,32.58,579,4861,70922,21554,9386,267,74,0,107643,-29.220073864870745
2017,1,San Juan,49,451,772,1,907,51,620,3.49,27.04,8,192,58588,0,0,0,4,0,58792,-17.00429711479435
2017,1,San Luis,11,1,354,26,375,13,315,3.5,9.55,8,4,14014,0,0,1,2,0,14029,-64.68195266272188
2017,1,Santa Cruz,16,3,440,5,2,26,370,3.59,26.52,190,23,31078,474,68,30,0,0,31863,177.696335078534
2017,1,Santa Fe,327,226,3,5,1,563,362,6.28,51.97,4966,39463,340418,77152,83008,15775,1831,0,562613,95.96530920060331
2017,1,Santiago Del Estero,30,4,51,1,29,34,2,4.95,14.7,26,3772,21659,6218,2786,17,0,0,34478,-71.71445064460265
2017,1,Tierra Del Fuego,23,7,665,124,178,32,619,3.48,68.92,16,285,35409,0,0,0,0,0,35710,368.84353741496597
2017,1,Tucumán,147,5,116,79,258,153,37,5.88,37.9,96,9682,86470,39155,15951,1383,13,0,152750,-45.00870574579223
2016,4,Buenos Aires,1447,1,119,21,24,3,11,6.35,61.24,6055,86281,2085605,403575,467398,72348,17279,0,3138541,61.58311345646439
2016,4,Capital Federal,435,915,38,3,11,1,8,7.96,120.63,517,1477,704324,225723,264582,53506,16756,0,1266885,96.97909862834747
2016,4,Catamarca,27,250,14,55,34,27,13,4.89,26.54,15,3478,16519,4889,2077,54,0,0,27032,-77.99883942634503
2016,4,Chaco,55,34,248,349,39,89,14,7.08,28.79,191,3983,45634,21323,14887,2586,250,0,88854,8.477769404672193
2016,4,Chubut,44,955,916,13,5,62,2,3.41,36.07,401,4493,73951,1352,0,0,0,0,80197,25.286557832580765
2016,4,Córdoba,337,289,448,6,392,636,133,6.47,57.7,50,29380,404645,77966,108368,15458,1606,0,637473,59.96673135569727
2016,4,Corrientes,55,31,233,1,31,88,12,6.24,30.98,15,6109,48995,20187,10908,1645,234,0,88093,-46.30849220103986
2016,4,Entre Ríos,109,64,226,6,203,180,57,5.81,45.21,1680,8253,110296,38491,19509,1801,280,0,180310,45.93285990961911
2016,4,Formosa,22,6,501,978,13,30,10,5.63,19.85,1573,3519,15791,4114,3855,649,17,0,29518,-56.09378456093784
2016,4,Jujuy,34,9,46,501,34,43,1,4.32,22.65,303,6225,27778,6143,2134,43,0,0,42626,14.105793450881595
2016,4,La Pampa,13,47,631,6,522,71,460,3.19,63.02,368,9789,56694,16,335,132,11,0,67345,178.233995584989
2016,4,La Rioja,16,0,16,211,28,16,18,5.34,16.46,9,1646,9635,3334,1675,13,3,0,16315,-73.88130752142177
2016,4,Mendoza,153,13,3,27,602,169,751,3.51,32.11,114,16,177194,79,49,5,20,0,177477,95.0789793438639
2016,4,Misiones,58,39,317,5,8,97,7,7.11,29.72,1010,4783,47454,23433,18371,2215,126,0,97392,-7.443164123326068
2016,4,Neuquén,52,46,998,12,549,112,311,5.68,60.87,1539,1406,84859,792,14153,3073,271,0,106093,104.81157469717361
2016,4,Río Negro,67,28,954,3,1,100,1,4.37,46.39,998,2953,92967,248,6317,1174,122,0,104779,-23.788401511417774
2016,4,Salta,79,27,110,158,621,107,1,5.22,32.69,577,5027,71636,20787,8611,239,70,0,106947,-29.532226773011434
2016,4,San Juan,49,451,772,1,907,51,620,3.49,27.29,8,220,58608,0,0,0,4,0,58840,-16.51881309268889
2016,4,San Luis,11,1,354,26,375,13,315,3.5,9.64,8,4,14014,0,0,1,2,0,14029,-64.67570538658849
2016,4,Santa Cruz,16,3,434,5,2,26,370,3.56,27.05,189,23,31369,342,80,10,0,0,32012,180.60165975103732
2016,4,Santa Fe,327,226,3,5,1,561,362,6.04,52.19,4966,40102,349722,74401,77667,13155,1529,0,561542,92.93900184842883
2016,4,Santiago Del Estero,30,4,43,1,29,35,2,4.87,15.07,26,3925,22246,6178,2664,15,0,0,35054,-71.12473653956697
2016,4,Tierra Del Fuego,23,7,665,124,170,32,619,3.48,70.31,16,285,35409,0,0,0,0,0,35710,366.5560716655607
2016,4,Tucumán,147,4,116,72,248,152,37,5.73,37.98,96,10021,87994,37721,14389,1400,10,0,151631,-45.98207936282179
2016,3,Buenos Aires,1535,1,113,19,24,3,11,5.91,60.14,5856,107945,2148475,393530,399116,52900,13318,0,3121140,58.34649815692471
2016,3,Capital Federal,448,905,37,3,11,1,8,7.38,120.77,331,995,759028,208249,240856,38341,13886,0,1261686,100.81476554705687
2016,3,Catamarca,27,248,14,49,34,27,13,4.73,26.48,15,4038,16183,4845,1853,50,0,0,26984,-78.07402500621015
2016,3,Chaco,56,33,232,342,15,89,14,6.72,28.91,190,5227,46821,21193,13746,2021,217,0,89416,9.176737160120844
2016,3,Chubut,44,935,916,13,5,62,2,3.34,36.18,466,5190,74375,674,0,0,0,0,80705,25.14700795572466
2016,3,Córdoba,348,285,446,6,390,642,133,6.07,58.24,48,41329,415075,75988,99225,11691,1322,0,644678,60.972913211719195
2016,3,Corrientes,56,31,217,1,22,88,12,5.96,31.07,15,7425,49471,19956,10006,1263,210,0,88346,-46.651785714285715
2016,3,Entre Ríos,113,62,206,6,198,181,57,5.59,45.44,1768,10657,110844,38665,17737,1307,248,0,181226,46.25040231734792
2016,3,Formosa,22,6,467,962,2,28,12,5.42,18.64,1723,4277,15581,3964,3658,648,10,0,29861,-58.978873239436616
2016,3,Jujuy,34,8,39,481,30,43,1,4.22,22.61,286,6878,27425,5943,1978,31,0,0,42541,21.29828326180257
2016,3,La Pampa,13,46,615,6,515,70,461,3.14,61.73,374,10187,55792,15,224,114,11,0,66717,173.02078726227333
2016,3,La Rioja,17,0,15,199,22,17,18,5.08,17.07,9,2349,9686,3316,1562,11,2,0,16935,-72.34731896970679
2016,3,Mendoza,153,13,3,28,592,169,763,3.51,32.09,37,10,178186,73,48,5,17,0,178376,87.99062683069715
2016,3,Misiones,60,38,292,5,7,98,7,6.74,29.91,1010,6030,48871,23394,17043,1559,91,0,97998,-6.793393580554699
2016,3,Neuquén,52,45,998,12,537,110,306,5.29,60.21,1531,1527,87404,680,12541,2118,225,0,106026,101.30391173520562
2016,3,Río Negro,67,28,942,3,1,100,1,4.16,46.39,1006,6026,90689,207,5953,790,99,0,104771,-22.95299784089022
2016,3,Salta,81,26,90,157,565,108,1,5.05,32.96,1107,6922,71214,20229,8099,197,50,0,107818,-28.950204785514117
2016,3,San Juan,49,451,770,1,903,51,620,3.49,27.32,8,245,58577,0,0,0,2,0,58832,-17.111650485436893
2016,3,San Luis,11,1,354,23,371,13,315,3.5,9.63,7,4,14077,0,0,1,2,0,14091,-64.7510980966325
2016,3,Santa Cruz,16,3,428,5,2,26,371,3.54,26.84,189,22,31904,221,52,9,0,0,32397,178.7123572170301
2016,3,Santa Fe,335,223,3,5,1,567,386,5.68,52.67,3958,49501,360606,72657,69864,10210,1308,0,568104,96.23695976154994
2016,3,Santiago Del Estero,32,4,37,3,8,36,2,4.67,15.33,26,5097,22747,6216,2497,9,0,0,36592,-70.89424719954434
2016,3,Tierra Del Fuego,23,6,665,124,161,31,619,3.48,68.94,16,285,35080,0,0,0,0,0,35381,349.706457925636
2016,3,Tucumán,147,4,116,66,238,151,37,5.54,37.9,127,12247,87970,36518,13150,1288,4,0,151304,-45.024659123875836
2016,2,Buenos Aires,1628,1,113,21,26,3,13,5.42,59.34,10786,133385,2250898,335296,334723,31494,11933,0,3108515,56.56992084432719
2016,2,Capital Federal,451,892,37,2,13,1,10,6.58,120.04,4352,1736,859039,146091,213010,19597,13477,0,1257302,102.29187731715537
2016,2,Catamarca,26,245,14,45,34,27,13,4.36,26.07,15,5736,14742,4567,1496,47,1,0,26604,-78.28223925358213
2016,2,Chaco,56,32,221,335,41,88,16,6.3,28.59,197,8063,45823,20346,12090,1571,201,0,88291,9.6662830840046
2016,2,Chubut,44,867,916,13,5,62,2,3.34,36.12,572,5421,73078,775,0,0,0,0,79846,26.337880377754452
2016,2,Córdoba,349,278,444,6,388,635,234,5.52,57.55,258,57050,437547,71980,82618,8355,1242,0,659050,59.33001107419712
2016,2,Corrientes,56,30,203,1,43,87,24,5.6,30.58,41,10018,47916,19200,8851,803,191,0,87020,-46.863596872284965
2016,2,Entre Ríos,113,59,169,6,193,178,179,5.13,44.74,4734,16367,115,36917,15522,849,205,0,189595,46.30477436232833
2016,2,Formosa,22,6,435,946,14,29,15,5.1,19.37,1675,5401,14370,3569,3218,593,10,0,28836,-56.70540902995083
2016,2,Jujuy,34,7,34,462,35,41,2,3.84,21.89,2561,8292,25301,5589,1750,3,0,0,43496,13.009808982963342
2016,2,La Pampa,13,45,600,6,547,68,485,3.15,60.44,429,10616,63928,15,119,96,11,0,75214,176.10781178620374
2016,2,La Rioja,17,0,15,188,28,17,18,4.77,16.88,10,3151,9043,3190,1344,3,5,0,16746,-72.07147584381205
2016,2,Mendoza,153,13,3,29,582,169,775,3.5,32.13,437,30,176922,61,44,5,20,0,177519,90.34360189573462
2016,2,Misiones,60,36,270,5,15,96,7,6.23,29.24,1973,7899,49586,21385,14820,1073,96,0,96832,-8.994708994709006
2016,2,Neuquén,52,42,998,12,525,108,301,4.87,59.1,1916,1691,88854,583,10241,1285,208,0,104778,102.12038303693572
2016,2,Río Negro,67,28,939,3,1,100,1,3.98,46.24,1189,6107,92158,194,4877,520,86,0,105131,-21.759729272419627
2016,2,Salta,79,25,85,151,539,105,3,4.75,32.08,2160,10123,70875,18759,7129,140,49,0,109235,-30.622837370242223
2016,2,San Juan,49,451,770,1,908,51,621,3.49,27.34,10,273,57589,0,0,0,4,0,57876,-14.775561097256853
2016,2,San Luis,11,1,354,30,377,13,317,3.5,9.6,12,4,13931,0,0,1,2,0,13950,-64.88661302121434
2016,2,Santa Cruz,15,3,422,5,3,26,356,3.5,26.73,244,26,31995,142,20,0,0,0,32427,178.43750000000003
2016,2,Santa Fe,336,219,3,5,1,564,607,5.14,52.44,9486,67325,374960,68505,60469,6509,1277,0,588531,96.1840628507295
2016,2,Santiago Del Estero,32,4,31,1,30,37,3,4.31,15.89,704,6705,22208,5943,2108,1,0,0,37669,-69.69870327993898
2016,2,Tierra Del Fuego,23,6,665,124,153,31,619,3.48,67.72,16,286,38773,0,0,0,0,0,39075,326.1799874134676
2016,2,Tucumán,145,3,116,61,229,149,41,5.2,37.24,231,18515,83945,33891,11310,1032,2,0,148926,-45.00886001181335
2016,1,Buenos Aires,1726,1,111,21,26,3,13,4.99,57.34,7351,97880,2214760,289929,247372,8315,9529,0,2875136,53.97422126745435
2016,1,Capital Federal,454,832,36,2,13,1,10,6.05,115.16,2310,43686,869048,178665,192644,6577,10838,0,1303768,100.83711196372514
2016,1,Catamarca,26,243,15,41,34,26,13,4.2,25.91,15,6102,14653,4241,1334,42,1,0,26388,-77.50086835706843
2016,1,Chaco,56,30,211,328,41,87,16,5.99,28.08,194,8755,46304,19388,10587,1238,184,0,86650,8.375144731763791
2016,1,Chubut,44,834,916,13,5,62,2,3.38,36.09,94,5095,72396,1066,0,0,0,0,78651,28.525641025641047
2016,1,Córdoba,351,252,441,6,386,610,234,5.16,55.28,148,59484,414452,65763,66455,4143,1039,0,611484,53.172623995566624
2016,1,Corrientes,55,28,192,1,45,86,26,5.37,30.08,29,10690,47833,18375,7911,526,170,0,85534,-45.58610709117222
2016,1,Entre Ríos,113,55,146,6,193,175,179,5.08,43.85,2864,17749,104137,35104,14057,457,165,0,174533,45.77792553191491
2016,1,Formosa,22,5,406,930,14,28,19,4.87,19.04,1738,5731,14163,3229,2906,544,5,0,28316,-56.57924743443557
2016,1,Jujuy,33,7,29,443,35,40,2,3.77,21.41,2543,8558,22383,5188,1623,0,0,0,40295,12.447478991596645
2016,1,La Pampa,13,42,584,6,549,65,487,3.05,57.84,426,11065,52117,15,78,71,11,0,63783,170.15413358243813
2016,1,La Rioja,17,0,16,177,28,17,18,4.62,16.83,10,3382,9060,2980,1254,2,3,0,16691,-70.90248962655602
2016,1,Mendoza,153,13,3,34,573,169,787,3.5,32.12,235,21,175376,47,43,5,17,0,175744,90.84967320261438
2016,1,Misiones,60,33,249,5,15,93,7,6.0,28.37,959,8502,50061,19195,13363,779,68,0,92927,-11.674968866749678
2016,1,Neuquén,52,36,998,13,514,102,297,4.42,55.75,1720,1737,86310,479,7893,143,171,0,98453,96.5103983080719
2016,1,Río Negro,67,27,937,3,1,99,1,3.83,45.84,1171,6105,90038,203,4246,77,81,0,101921,-17.775784753363222
2016,1,Salta,79,23,73,132,507,102,3,4.74,31.32,1119,10765,65646,17748,6643,119,31,0,102071,-31.67539267015707
2016,1,San Juan,49,451,770,1,908,51,621,3.49,27.33,9,309,56447,0,0,0,2,0,56767,-12.739463601532574
2016,1,San Luis,11,1,354,27,377,13,317,3.5,9.59,8,4,13645,0,0,1,2,0,13660,-64.91035492133187
2016,1,Santa Cruz,16,3,416,5,2,26,356,3.48,26.87,168,29,32188,8,0,0,0,0,32393,180.1876955161627
2016,1,Santa Fe,338,205,3,5,1,551,618,4.9,51.28,6492,71565,353525,64117,51293,3754,1063,0,551809,90.84480833643468
2016,1,Santiago Del Estero,33,4,26,1,30,38,3,4.17,16.21,703,7219,22805,5769,1898,0,0,0,38394,-68.38923556942278
2016,1,Tierra Del Fuego,23,5,665,124,146,30,619,3.48,65.83,16,285,33003,0,0,0,0,0,33304,306.1073411474398
2016,1,Tucumán,144,2,116,56,220,147,41,5.0,36.72,106,20092,84008,31490,10046,871,0,0,146613,-44.21996050432933
2015,4,Buenos Aires,1830,1,103,20,26,3,13,4.88,58.29,7985,100303,2253197,274560,240188,3835,8180,0,2888246,58.74183006535948
2015,4,Capital Federal,455,880,20,2,13,1,10,5.93,118.13,2417,46568,916813,172029,198635,3087,10899,0,1350450,102.65911820209297
2015,4,Catamarca,26,242,15,37,34,26,13,4.12,26.24,15,6513,14484,4106,1313,39,1,0,26471,-77.78718361127571
2015,4,Chaco,57,29,186,321,41,87,16,5.83,28.35,194,9593,46771,18608,10092,1136,159,0,86553,8.041158536585376
2015,4,Chubut,44,811,916,14,5,62,2,3.28,36.89,625,5774,71881,168,0,0,0,0,78448,30.123456790123456
2015,4,Córdoba,354,266,439,6,385,626,235,5.07,57.36,148,63746,427471,62989,67151,3336,1088,0,625929,55.48929249119002
2015,4,Corrientes,56,28,177,1,45,85,26,5.26,30.34,29,11248,48104,17877,7569,456,150,0,85433,-47.10599721059972
2015,4,Entre Ríos,114,53,122,6,194,174,180,5.01,44.11,2865,18883,104224,33989,13668,399,163,0,174191,45.38562953197099
2015,4,Formosa,22,5,378,914,14,28,24,4.66,19.07,1791,6081,14279,2704,2713,519,4,0,28091,-56.767172976649285
2015,4,Jujuy,33,7,25,425,35,40,2,3.72,21.47,2551,8876,21867,5044,1587,0,0,0,39925,12.585212375458829
2015,4,La Pampa,13,43,570,6,374,66,312,2.94,58.76,592,12951,48798,16,63,49,10,0,62479,173.6842105263158
2015,4,La Rioja,17,0,16,167,28,17,18,4.52,17.32,10,3638,9127,2937,1215,2,3,0,16932,-70.52416609938734
2015,4,Mendoza,153,13,3,38,564,169,799,3.5,32.49,241,23,174719,38,41,5,13,0,175080,87.58660508083142
2015,4,Misiones,60,33,230,5,15,93,7,5.9,28.69,959,9169,51029,17281,13690,675,52,0,92855,-11.69590643274854
2015,4,Neuquén,52,39,998,13,503,105,292,4.36,58.29,1727,2061,89678,455,7934,9,175,0,102039,103.17183687696061
2015,4,Río Negro,67,27,915,3,1,99,1,3.77,46.44,3282,4473,89062,201,4024,5,75,0,101122,-20.329387545033455
2015,4,Salta,79,22,47,129,554,102,3,4.67,31.59,1122,11387,65677,17139,6507,99,5,0,101936,-31.976744186046506
2015,4,San Juan,49,451,770,1,908,51,621,3.48,27.66,9,386,55761,0,0,0,2,0,56158,-12.440645773979107
2015,4,San Luis,11,1,354,30,377,13,317,3.5,9.71,8,4,13473,0,0,1,2,0,13488,-64.89515545914678
2015,4,Santa Cruz,16,3,410,5,2,26,356,3.48,27.74,188,26,32338,3,0,0,0,0,32555,185.6848609680741
2015,4,Santa Fe,340,213,3,5,1,561,627,4.81,52.61,6659,75770,361264,60985,51258,3079,1189,0,560204,89.65392934390772
2015,4,Santiago Del Estero,34,4,22,1,30,39,3,4.09,17.0,703,7836,23074,5669,1856,0,0,0,39138,-67.68675156814294
2015,4,Tierra Del Fuego,23,4,665,124,139,29,619,3.47,66.46,16,285,32662,0,0,0,0,0,32963,290.94117647058823
2015,4,Tucumán,144,2,116,51,211,146,42,4.88,37.06,107,21800,83887,29942,9507,837,0,0,146080,-44.23713511886848
2015,3,Buenos Aires,1941,1,114,20,26,3,13,4.7,57.69,8361,107351,2266948,262564,200491,2642,7720,0,2856078,55.6664867781975
2015,3,Capital Federal,455,871,31,2,13,1,10,5.66,118.29,2448,49340,942525,159618,175594,2028,10022,0,1341574,105.04420176807075
2015,3,Catamarca,26,242,15,33,34,26,13,3.88,25.86,15,6871,14206,4143,812,43,1,0,26091,-78.13847324372306
2015,3,Chaco,56,29,186,314,41,85,16,5.47,27.96,240,10353,47131,19016,7498,979,157,0,85374,8.120649651972164
2015,3,Chubut,44,792,916,13,5,62,2,3.28,36.81,641,5886,71668,167,0,0,0,0,78362,31.652360515021467
2015,3,Córdoba,352,264,437,5,389,623,237,4.87,57.08,150,68765,429787,61109,59372,2582,1048,0,622813,55.06655800054332
2015,3,Corrientes,56,28,176,1,47,85,28,5.06,30.17,33,11921,48127,18168,6111,453,146,0,84959,-47.14435879467413
2015,3,Entre Ríos,114,52,122,6,197,172,182,4.77,43.68,2863,20385,103990,34788,9924,384,153,0,172487,44.77958236658932
2015,3,Formosa,22,5,353,899,14,28,30,4.17,18.84,1862,6521,14354,2791,1842,379,2,0,27751,-56.86813186813187
2015,3,Jujuy,33,7,22,408,35,40,2,3.53,21.27,2549,9278,21588,5169,966,0,0,0,39550,12.898089171974522
2015,3,La Pampa,13,42,555,6,557,65,495,2.91,57.96,613,13087,47660,9,55,39,10,0,61473,172.49647390691115
2015,3,La Rioja,17,0,16,158,28,17,18,4.25,17.15,10,3840,9102,2984,832,0,3,0,16771,-70.41062801932367
2015,3,Mendoza,153,13,3,42,555,169,812,3.5,32.49,256,25,173430,45,18,5,13,0,173792,89.44606413994171
2015,3,Misiones,60,32,212,5,15,92,7,5.63,28.31,958,9809,51234,17367,11654,559,43,0,91624,-12.865497076023402
2015,3,Neuquén,47,37,998,13,492,98,287,4.23,54.6,1733,2124,85044,210,6599,2,155,0,95867,92.86471211586014
2015,3,Río Negro,67,27,917,3,1,99,1,3.74,46.39,3372,4457,88691,99,3826,1,62,0,100508,-15.036630036630038
2015,3,Salta,78,22,47,129,645,101,3,4.42,31.18,1126,12223,65405,17451,4318,61,5,0,100589,-32.78723862901487
2015,3,San Juan,49,451,770,1,908,51,621,3.48,27.67,9,391,54963,0,0,0,2,0,55365,-11.257216164207819
2015,3,San Luis,11,1,354,31,377,13,317,3.5,9.71,9,4,13286,0,0,1,2,0,13302,-64.90784242862306
2015,3,Santa Cruz,16,3,405,5,2,26,359,3.48,27.61,190,25,32266,2,0,0,0,0,32482,184.34603501544794
2015,3,Santa Fe,337,210,4,4,1,556,641,4.56,52.15,6767,80817,363177,59531,42021,2320,1133,0,555766,88.88084027526259
2015,3,Santiago Del Estero,34,4,19,1,30,39,3,3.91,17.12,703,8332,23158,5956,1249,0,0,0,39398,-67.17162032598274
2015,3,Tierra Del Fuego,23,8,665,124,132,33,619,3.48,74.86,15,285,36408,2,0,0,0,0,36710,337.2663551401869
2015,3,Tucumán,143,1,116,47,203,144,42,4.57,36.61,107,23687,83654,29998,6232,623,0,0,144301,-51.09537803900614
2015,2,Buenos Aires,2058,1,116,19,26,3,13,4.46,56.8,8714,137189,2299705,243503,159922,2009,6712,0,2857754,55.14886642993717
2015,2,Capital Federal,453,858,20,2,13,1,10,5.31,116.07,2493,51799,990112,148569,142976,1482,9258,0,1346690,104.34859154929576
2015,2,Catamarca,25,242,15,30,34,26,13,3.68,25.45,15,7253,14003,3776,593,37,1,0,25678,-78.07357629016973
2015,2,Chaco,56,28,179,307,41,84,16,5.19,27.46,288,11058,47551,17675,6337,788,149,0,83846,7.897838899803543
2015,2,Chubut,44,762,916,13,5,62,2,3.22,36.58,656,6032,55791,168,0,0,0,0,62647,33.21194464675891
2015,2,Córdoba,348,256,435,5,386,610,236,4.56,55.87,156,72695,434717,54993,46415,1956,903,0,611835,52.733734281027886
2015,2,Corrientes,55,27,157,1,47,83,28,4.85,29.58,34,12542,48015,17184,5039,379,126,0,83319,-47.05566493645964
2015,2,Entre Ríos,113,50,119,6,197,169,183,4.55,42.93,2864,21986,104043,32293,7867,354,136,0,169543,45.131845841784994
2015,2,Formosa,21,5,329,737,50,27,37,3.76,18.36,1881,6907,14247,2436,1324,257,1,0,27053,-57.23270440251572
2015,2,Jujuy,32,5,19,392,35,38,2,3.41,20.29,2479,9474,20248,4792,730,0,0,0,37723,10.511982570806099
2015,2,La Pampa,13,41,541,6,562,64,500,2.86,56.71,5737,8182,46235,27,24,25,10,0,60240,179.4972893050764
2015,2,La Rioja,16,0,16,149,28,16,18,4.0,16.88,10,4082,9093,2680,641,0,3,0,16509,-70.23452653852935
2015,2,Mendoza,153,13,3,38,546,169,825,3.5,32.49,268,26,170451,42,16,5,13,0,170821,92.47630331753557
2015,2,Misiones,59,29,196,5,15,89,7,5.33,27.35,958,10360,51671,15022,10072,408,33,0,88524,-15.82025238534934
2015,2,Neuquén,47,34,998,13,481,96,283,4.06,53.12,1755,2348,82727,214,5168,2,110,0,92324,94.2230347349177
2015,2,Río Negro,67,26,916,3,1,98,1,3.67,45.98,3413,4525,87362,97,3240,1,51,0,98689,-13.441265060240964
2015,2,Salta,77,20,47,129,580,98,3,4.22,30.46,1123,13020,64736,16241,3114,29,5,0,98269,-33.75380600260983
2015,2,San Juan,49,451,770,1,908,51,621,3.48,27.64,8,410,51568,0,0,0,2,0,51988,-9.258043335521997
2015,2,San Luis,11,1,354,33,377,13,317,3.5,9.71,9,4,13204,0,0,1,2,0,13220,-64.86975397973951
2015,2,Santa Cruz,15,3,399,5,2,25,379,3.47,27.07,210,25,25519,2,0,0,0,0,25756,178.78475798146238
2015,2,Santa Fe,333,205,3,4,1,546,649,4.3,51.18,6827,86016,364441,53205,33894,1856,1014,0,547253,89.06538603620243
2015,2,Santiago Del Estero,34,4,16,1,30,39,3,3.73,17.11,703,8779,23456,5553,888,0,0,0,39379,-66.56897225478703
2015,2,Tierra Del Fuego,23,8,665,124,125,33,619,3.48,74.51,15,285,36073,2,0,0,0,0,36375,335.47632963179433
2015,2,Tucumán,140,1,116,43,195,141,42,4.31,35.69,107,25178,83462,26966,4502,455,0,0,140670,-52.10038920950208
2015,1,Buenos Aires,2183,1,134,19,29,3,15,4.32,56.37,8882,123589,2267852,220070,126958,1561,5700,0,2754612,57.94340151302886
2015,1,Capital Federal,455,842,19,2,15,1,12,5.0,114.9,2545,59084,1013510,134151,114569,1195,8401,0,1333455,103.83182543906335
2015,1,Catamarca,25,241,16,27,41,25,20,3.48,25.11,13,7634,13754,3202,517,9,1,0,25130,-78.14621409921672
2015,1,Chaco,55,26,164,301,56,81,31,4.9,26.65,26,12053,47425,15883,5346,489,135,0,81357,6.133014735165269
2015,1,Chubut,46,717,906,13,5,63,2,3.21,37.61,651,6176,57333,102,0,0,0,0,64262,41.125703564727964
2015,1,Córdoba,344,248,415,5,450,597,294,4.3,54.7,157,78427,432802,46574,37443,1615,815,0,597833,45.44004254187717
2015,1,Corrientes,55,25,129,1,62,81,43,4.63,28.95,36,13295,47842,15554,4424,235,98,0,81484,-47.07495429616088
2015,1,Entre Ríos,112,47,108,6,245,166,231,4.35,42.07,2867,23951,104168,28113,6926,274,119,0,166418,45.319516407599316
2015,1,Formosa,21,5,307,670,56,27,43,3.38,18.12,1891,7336,14413,2024,878,157,1,0,26700,-56.92892797718089
2015,1,Jujuy,32,5,16,376,36,37,3,3.24,19.69,2458,9754,19858,3939,603,0,0,0,36612,8.664459161147905
2015,1,La Pampa,13,40,527,6,604,62,542,2.83,55.51,6059,8054,45038,26,10,13,10,0,59210,181.91975622143215
2015,1,La Rioja,16,0,16,140,33,16,23,3.78,16.7,11,4201,9379,2207,533,0,3,0,16334,-69.91533057106828
2015,1,Mendoza,152,13,3,29,537,168,838,3.5,32.37,287,24,169763,38,16,6,11,0,170145,93.8323353293413
2015,1,Misiones,58,27,181,5,13,85,7,4.97,26.31,958,11136,51906,12387,8543,194,26,0,85150,-18.72103799814643
2015,1,Neuquén,48,32,998,12,471,93,278,3.91,51.95,1895,2577,80787,170,4067,2,76,0,89574,97.4534397567465
2015,1,Río Negro,66,25,907,3,1,96,1,3.59,45.33,3371,4913,86173,94,2632,2,42,0,97227,-12.743022136669882
2015,1,Salta,76,20,47,129,574,97,18,4.02,30.01,1123,14151,64992,13955,2569,15,5,0,96810,-33.79660269137436
2015,1,San Juan,48,451,755,1,907,51,702,3.48,27.55,8,445,51346,0,0,0,2,0,51801,-8.197267577474179
2015,1,San Luis,11,1,351,30,412,13,354,3.5,9.72,10,8,12720,0,1,0,2,0,12741,-64.71869328493646
2015,1,Santa Cruz,16,3,393,5,3,26,424,3.47,27.99,205,27,26048,2,0,0,0,0,26282,187.9629629629629
2015,1,Santa Fe,329,199,3,4,2,536,797,4.06,50.24,6883,93096,360964,45270,27597,1542,900,0,536252,79.49267595569847
2015,1,Santiago Del Estero,34,4,14,1,35,39,8,3.57,17.06,701,9236,23136,4796,748,0,0,0,38617,-66.04299363057325
2015,1,Tierra Del Fuego,22,8,657,124,119,33,730,3.45,74.23,14,609,36319,2,0,0,0,0,36944,335.1113716295428
2015,1,Tucumán,138,1,116,40,188,138,92,4.07,35.08,107,27143,83895,23061,3722,334,0,0,138262,-52.74147918631281
2014,4,Buenos Aires,2315,1,121,18,32,3,15,4.2,56.09,8226,132937,2250445,203620,104322,997,5406,0,2705954,59.891676168757144
2014,4,Capital Federal,456,840,17,2,15,1,12,4.78,114.9,2698,62896,1038269,123451,95772,890,7997,0,1331972,104.84934926011766
2014,4,Catamarca,25,241,16,25,44,25,21,3.34,25.51,21,8047,14093,2910,421,0,1,0,25493,-77.79808529155787
2014,4,Chaco,55,11,31,295,62,66,37,3.98,21.87,483,12837,42106,7908,2600,124,2,0,66060,-14.268914151313211
2014,4,Chubut,49,697,891,12,6,67,2,3.17,40.25,1858,6218,60392,70,0,0,0,0,68538,84.04206675811614
2014,4,Córdoba,345,240,419,4,486,590,319,4.09,54.7,1903,85362,427844,41947,30858,1177,782,0,589873,35.900621118012424
2014,4,Corrientes,55,10,40,1,75,66,54,3.81,23.56,40,13860,42182,7513,2106,0,9,0,65710,-56.92870201096893
2014,4,Entre Ríos,112,23,57,5,260,141,246,3.8,36.03,2311,27801,88649,18318,3584,1,66,0,140730,52.928692699490675
2014,4,Formosa,21,5,286,583,65,26,51,3.02,17.96,1947,7830,14058,1852,473,47,1,0,26208,-50.1526505689703
2014,4,Jujuy,31,5,14,361,11,36,3,3.13,19.6,1880,10427,19740,3443,465,0,0,0,35955,9.131403118040092
2014,4,La Pampa,16,34,514,6,648,57,567,2.75,51.27,6266,6879,36520,26,5,4,10,0,49710,161.58163265306123
2014,4,La Rioja,16,0,17,132,33,16,23,3.58,17.01,9,4333,9728,1943,386,0,3,0,16402,-66.82270333528379
2014,4,Mendoza,152,13,3,31,529,168,851,3.5,32.64,303,19,169222,36,14,5,12,0,169611,91.88712522045854
2014,4,Misiones,58,19,167,150,15,77,7,4.03,24.16,547,11840,53093,8731,2952,54,12,0,77229,-25.98039215686275
2014,4,Neuquén,48,32,998,12,461,93,274,3.85,52.55,1731,2744,80938,126,3621,2,66,0,89228,117.50827814569536
2014,4,Río Negro,66,24,901,4,2,95,1,3.54,45.48,3640,4723,85094,94,2319,4,30,0,95904,-13.45385347288297
2014,4,Salta,76,17,48,123,578,94,26,3.86,29.53,54,16213,63221,12552,1922,0,4,0,93967,-35.07036059806508
2014,4,San Juan,49,451,740,1,905,51,729,3.48,28.04,11,478,51628,0,0,0,2,0,52119,-5.045716220792421
2014,4,San Luis,11,1,355,24,423,13,359,3.5,9.79,9,0,13135,0,0,1,2,0,13147,-65.08559201141227
2014,4,Santa Cruz,18,25,388,4,3,25,436,3.33,27.8,156,1400,24145,1,1,0,0,0,25703,183.96322778345254
2014,4,Santa Fe,335,183,3,6,2,528,938,3.78,50.0,8707,99962,359293,36718,21098,869,824,0,527471,79.85611510791367
2014,4,Santiago Del Estero,34,4,12,1,37,39,9,3.46,17.27,1246,8913,24181,4359,602,0,0,0,39301,-65.46000000000001
2014,4,Tierra Del Fuego,22,4,655,124,113,28,741,3.47,66.14,12,283,31489,2,0,0,0,0,31786,282.9762594093805
2014,4,Tucumán,137,1,116,36,180,137,95,3.86,35.32,17,28746,85091,20631,2733,196,0,0,137414,-46.598125188993045
2014,3,Buenos Aires,2455,1,124,20,32,3,14,3.97,56.75,7355,128187,2281524,156693,68947,243,4232,0,2647181,60.67383918459795
2014,3,Capital Federal,450,833,18,2,14,1,11,4.44,113.8,840,78016,1060145,102170,70907,95,6626,0,1318799,100.52863436123347
2014,3,Catamarca,24,244,15,23,47,25,21,2.92,24.71,19,8845,13790,1915,111,0,0,0,24680,-78.28646748681899
2014,3,Chaco,53,10,29,288,59,64,36,3.46,21.11,398,14731,41934,5428,1274,5,0,0,63770,-14.56900040469446
2014,3,Chubut,49,668,882,12,7,67,2,3.17,40.6,2013,6281,60771,34,0,0,0,0,69099,92.32591189009949
2014,3,Córdoba,340,240,444,4,377,585,200,3.66,54.23,660,98992,435692,28992,18888,84,664,0,583972,33.571428571428555
2014,3,Corrientes,53,9,31,1,65,64,33,3.41,22.79,21,15448,41717,5181,1172,0,0,0,63539,-57.97529042965148
2014,3,Entre Ríos,109,22,48,5,135,137,115,3.4,34.98,1709,29710,91450,12569,1310,0,48,0,136796,53.48837209302325
2014,3,Formosa,21,5,267,507,80,26,64,2.66,17.77,2001,8323,14202,1324,85,0,0,0,25935,-49.19954259576901
2014,3,Jujuy,30,4,12,347,13,34,2,2.93,18.37,127,10979,20216,2305,82,0,0,0,33709,3.376477208778849
2014,3,La Pampa,16,34,538,11,677,62,564,2.82,55.78,6458,6645,41009,24,5,4,10,0,54155,203.64725095264015
2014,3,La Rioja,16,0,14,125,37,16,23,3.1,16.51,10,4785,9720,1337,61,0,0,0,15913,-70.40157762638938
2014,3,Mendoza,150,13,3,40,520,166,864,3.5,32.31,35,0,167763,31,12,13,1,0,167855,95.69957601453663
2014,3,Misiones,57,18,154,3,14,75,7,3.58,23.57,640,13637,53510,5928,1606,0,1,0,75322,-27.05044877746828
2014,3,Neuquén,54,31,998,13,451,100,270,3.74,56.4,1522,3099,80090,107,2865,10,27,0,87720,139.28722952906236
2014,3,Río Negro,65,27,888,4,2,97,1,3.48,46.2,3640,5189,86868,87,1944,8,9,0,97745,-18.085106382978715
2014,3,Salta,74,18,43,117,580,93,25,3.41,29.22,732,17481,66026,8314,388,0,0,0,92941,-36.753246753246756
2014,3,San Juan,48,451,731,1,904,51,748,3.47,27.85,8,487,51276,0,0,0,0,0,51771,-4.688569472963715
2014,3,San Luis,11,1,355,25,438,13,363,3.5,9.71,8,0,13029,0,0,3,0,0,13040,-65.13464991023339
2014,3,Santa Cruz,18,25,385,4,3,26,446,3.31,28.23,195,1624,24248,1,1,0,0,0,26069,190.73120494335734
2014,3,Santa Fe,326,184,4,7,1,520,691,3.38,49.2,8230,112593,357615,23962,12124,38,806,0,515368,74.28267800212541
2014,3,Santiago Del Estero,33,4,10,1,41,38,9,3.1,16.49,791,9914,23826,2867,142,0,0,0,37540,-66.48373983739837
2014,3,Tierra Del Fuego,22,3,650,124,108,28,755,3.47,65.69,12,336,32348,2,0,0,0,0,32698,298.3626440266829
2014,3,Tucumán,132,1,117,33,173,132,88,3.35,33.94,6,32716,84668,14101,559,4,0,0,132054,-48.33307961637997
2014,2,Buenos Aires,2604,1,120,17,33,3,14,3.85,55.06,6902,162274,2288772,140226,56549,284,4309,0,2659316,62.22746022392459
2014,2,Capital Federal,448,828,18,2,15,1,11,4.25,113.14,847,81431,1078213,87359,56004,59,6427,0,1310340,105.48492553577915
2014,2,Catamarca,24,243,17,20,43,25,23,2.92,24.7,19,8844,13794,1915,111,0,0,0,24683,-78.16864062223793
2014,2,Chaco,53,10,30,282,58,63,36,3.42,20.96,412,14854,41530,5418,1085,5,0,0,63304,-15.141700404858295
2014,2,Chubut,51,649,866,11,7,69,2,3.16,41.41,2064,6582,61868,0,0,0,0,0,70514,97.56679389312974
2014,2,Córdoba,338,235,351,4,374,577,205,3.56,53.45,2105,101598,429536,28698,14824,76,627,0,577464,29.075102632214456
2014,2,Corrientes,53,9,31,1,55,63,33,3.37,22.58,20,15563,41219,5199,956,0,0,0,62957,-57.75491113189898
2014,2,Entre Ríos,109,22,49,5,133,135,115,3.31,34.69,2187,32781,86757,12564,1162,0,44,0,135495,53.63153232949514
2014,2,Formosa,21,5,249,441,78,26,65,2.65,17.54,2032,8218,13944,1321,85,0,0,0,25600,-49.43787835110982
2014,2,Jujuy,30,4,10,333,9,34,2,2.77,18.71,1873,11233,18851,2305,82,0,0,0,34344,6.670467502850637
2014,2,La Pampa,16,33,513,6,689,55,580,2.68,49.71,7032,6761,34089,18,5,4,10,0,47919,165.68679850347408
2014,2,La Rioja,16,0,14,118,34,16,23,3.1,16.5,10,4785,9719,1337,61,0,0,0,15912,-66.80748340374171
2014,2,Mendoza,149,13,2,36,512,165,878,3.5,32.1,35,6,166710,31,10,5,10,0,166807,94.54545454545456
2014,2,Misiones,57,18,4,150,8,75,7,3.54,23.37,540,13644,53245,5924,1334,2,0,0,74689,-27.19626168224299
2014,2,Neuquén,48,30,997,11,441,90,265,3.66,50.84,1531,3206,79087,92,2289,2,30,0,86237,117.54385964912282
2014,2,Río Negro,65,25,876,4,2,95,1,3.43,45.33,3468,5507,84978,78,1569,2,8,0,95610,-10.837922895357995
2014,2,Salta,74,18,45,111,577,92,25,3.39,28.91,53,18818,64440,8293,388,0,0,0,91992,-36.22325170968453
2014,2,San Juan,48,451,722,1,903,51,755,3.47,27.78,10,507,51129,0,0,0,0,0,51646,-3.9086821169145587
2014,2,San Luis,11,1,354,22,448,13,364,3.5,9.72,7,0,13045,0,0,1,2,0,13055,-65.01079913606912
2014,2,Santa Cruz,19,25,381,4,3,27,459,3.32,29.38,153,1637,25374,2,0,0,0,0,27166,202.26337448559667
2014,2,Santa Fe,324,178,3,6,1,512,605,3.31,48.39,8515,115197,353559,23939,10058,34,792,0,512094,64.70388019060587
2014,2,Santiago Del Estero,33,4,8,1,34,38,9,3.07,16.7,1231,9914,23842,2867,142,0,0,0,37996,-65.48873734242612
2014,2,Tierra Del Fuego,22,3,648,124,103,27,766,3.47,64.36,12,334,31198,2,0,0,0,0,31546,285.38922155688624
2014,2,Tucumán,132,1,121,31,166,132,88,3.35,33.94,6,32714,84675,14101,559,4,0,0,132059,-47.265382224984464
2014,1,Buenos Aires,2762,1,121,17,34,3,14,3.73,54.57,8469,171244,2279875,121787,38923,206,4037,0,2624542,60.783736004714214
2014,1,Capital Federal,446,820,18,2,15,1,11,4.02,112.25,852,88826,1096050,70293,38798,55,6208,0,1301081,105.69910207073482
2014,1,Catamarca,24,246,17,18,43,24,23,2.8,24.25,19,9147,13330,1672,64,0,0,0,24232,-78.39643652561247
2014,1,Chaco,53,9,30,276,58,63,36,3.26,20.72,438,15849,40869,4644,741,5,0,0,62546,-14.55670103092784
2014,1,Chubut,51,539,866,11,7,68,2,3.18,41.24,7452,10,61329,0,0,0,0,0,68791,99.03474903474905
2014,1,Córdoba,337,226,347,4,368,567,205,3.39,52.52,2076,107705,423114,24112,9818,40,588,0,567453,27.352085354025217
2014,1,Corrientes,53,8,31,1,55,62,33,3.22,22.32,20,16357,40742,4486,630,0,0,0,62235,-57.501904036557505
2014,1,Entre Ríos,108,21,49,5,133,134,115,3.17,34.37,2177,35206,85248,10828,746,0,43,0,134248,53.987455197132604
2014,1,Formosa,21,5,232,384,100,25,87,2.57,17.42,2062,8475,13685,1133,67,0,0,0,25422,-49.31626418388128
2014,1,Jujuy,30,4,9,320,9,34,2,2.69,18.42,1832,11498,18415,2001,56,0,0,0,33803,5.74052812858783
2014,1,La Pampa,16,31,513,6,701,54,592,2.65,48.43,7434,6535,32500,17,5,4,10,0,46506,162.92073832790444
2014,1,La Rioja,16,0,14,111,34,16,23,2.96,16.29,10,5111,9390,1165,35,0,0,0,15711,-66.36382407598596
2014,1,Mendoza,149,12,2,37,504,164,891,3.5,31.91,35,6,166655,19,10,6,9,0,166740,95.88704726826275
2014,1,Misiones,57,17,4,150,8,74,7,3.4,23.14,545,14460,52852,5139,958,0,0,0,73954,-27.483547477279846
2014,1,Neuquén,48,28,997,10,432,88,261,3.55,49.79,4133,987,77148,84,1582,2,22,0,83958,115.16853932584267
2014,1,Río Negro,65,24,876,4,2,94,1,3.35,44.91,4670,4618,84304,73,1062,1,8,0,94736,-9.80116489254871
2014,1,Salta,73,18,45,106,568,91,25,3.3,28.7,53,19677,64061,7192,314,0,0,0,91297,-36.094411044310846
2014,1,San Juan,48,434,722,1,901,51,755,3.47,27.6,531,2,51056,0,0,0,0,0,51589,-3.832752613240411
2014,1,San Luis,11,1,354,21,448,12,364,3.5,9.35,7,3,12544,0,1,0,2,0,12557,-66.1231884057971
2014,1,Santa Cruz,19,25,381,4,3,26,460,3.32,28.94,161,1625,24972,1,1,0,0,0,26760,209.51871657754015
2014,1,Santa Fe,323,174,3,6,1,506,612,3.15,47.85,8456,124468,345225,20328,6845,23,668,0,506013,65.34208707671043
2014,1,Santiago Del Estero,33,4,7,1,34,37,9,2.95,16.31,1234,10531,22817,2422,109,0,0,0,37113,-65.914315569488
2014,1,Tierra Del Fuego,22,3,648,124,98,27,766,3.45,63.97,12,607,30902,6,0,0,0,0,31527,292.21336603310857
2014,1,Tucumán,130,1,121,28,160,130,88,3.21,33.42,6,34672,83210,11779,362,3,0,0,130032,-47.75676098171017
